PHASE B TABLES (datapoints used in plots)
CSV: sweep_phaseB.csv
Each row corresponds to a mean-over-seeds datapoint at a given n_users.
Columns: mean/std/min/max/n are computed over seeds (ignoring NaNs).

==========================================================================================
TABLE: K_vs_nusers  (ylabel=K)

n_users | series        | mean   | std     | min  | max  | n
--------+---------------+--------+---------+------+------+--
1000    | bk rep        | 231    | 9.40213 | 217  | 242  | 5
1000    | main          | 241.2  | 12.3353 | 225  | 257  | 5
1000    | main+qos      | 241.2  | 12.3353 | 225  | 257  | 5
1000    | main+qos+lb   | 241.2  | 12.3353 | 225  | 257  | 5
1000    | tgbp rep      | 276.6  | 11.6722 | 255  | 288  | 5
1000    | wk demand rep | 265.2  | 10.6283 | 251  | 281  | 5
1000    | wk qos rep    | 265.4  | 10.7629 | 250  | 278  | 5
2500    | bk rep        | 417.8  | 19.974  | 394  | 445  | 5
2500    | main          | 430.2  | 15.6256 | 413  | 454  | 5
2500    | main+qos      | 430.2  | 15.6256 | 413  | 454  | 5
2500    | main+qos+lb   | 430.2  | 15.6256 | 413  | 454  | 5
2500    | tgbp rep      | 472.8  | 14.4278 | 460  | 495  | 5
2500    | wk demand rep | 479.2  | 15.105  | 458  | 500  | 5
2500    | wk qos rep    | 481.6  | 17.1534 | 457  | 501  | 5
5000    | bk rep        | 676.6  | 22.0327 | 652  | 710  | 5
5000    | main          | 671.8  | 22.3553 | 642  | 709  | 5
5000    | main+qos      | 671.8  | 22.3553 | 642  | 709  | 5
5000    | main+qos+lb   | 671.8  | 22.3553 | 642  | 709  | 5
5000    | tgbp rep      | 717.8  | 23.9449 | 685  | 752  | 5
5000    | wk demand rep | 741.4  | 23.3632 | 711  | 783  | 5
5000    | wk qos rep    | 749    | 21.8083 | 733  | 790  | 5
10000   | bk rep        | 1076   | 22.3517 | 1050 | 1109 | 5
10000   | main          | 1028.6 | 15.8947 | 1008 | 1055 | 5
10000   | main+qos      | 1028.6 | 15.8947 | 1008 | 1055 | 5
10000   | main+qos+lb   | 1028.6 | 15.8947 | 1008 | 1055 | 5
10000   | tgbp rep      | 1093.6 | 20.2643 | 1070 | 1127 | 5
10000   | wk demand rep | 1139.4 | 19.0011 | 1120 | 1175 | 5
10000   | wk qos rep    | 1144.6 | 19.986  | 1121 | 1170 | 5
20000   | bk rep        | 1662   | 60.4946 | 1583 | 1750 | 5
20000   | main          | 1602.4 | 45.6053 | 1543 | 1669 | 5
20000   | main+qos      | 1602.4 | 45.6053 | 1543 | 1669 | 5
20000   | main+qos+lb   | 1602.4 | 45.6053 | 1543 | 1669 | 5
20000   | tgbp rep      | 1720.6 | 50.4325 | 1639 | 1793 | 5
20000   | wk demand rep | 1761.6 | 51.0631 | 1714 | 1853 | 5
20000   | wk qos rep    | 1778   | 50.02   | 1722 | 1866 | 5
30000   | bk rep        | 2081.8 | 43.742  | 2019 | 2141 | 5
30000   | main          | 2077.4 | 51.7015 | 2003 | 2144 | 5
30000   | main+qos      | 2077.4 | 51.7015 | 2003 | 2144 | 5
30000   | main+qos+lb   | 2077.4 | 51.7015 | 2003 | 2144 | 5
30000   | tgbp rep      | 2237.4 | 53.7981 | 2172 | 2318 | 5
30000   | wk demand rep | 2300.6 | 70.8311 | 2231 | 2410 | 5
30000   | wk qos rep    | 2302.8 | 61.0128 | 2244 | 2402 | 5
50000   | bk rep        | 2813.2 | 86.0242 | 2701 | 2951 | 5
50000   | main          | 2860.6 | 43.3248 | 2821 | 2921 | 5
50000   | main+qos      | 2860.6 | 43.3248 | 2821 | 2921 | 5
50000   | main+qos+lb   | 2860.6 | 43.3248 | 2821 | 2921 | 5
50000   | tgbp rep      | 3135.2 | 77.5407 | 3054 | 3235 | 5
50000   | wk demand rep | 3255.4 | 93.1034 | 3171 | 3374 | 5
50000   | wk qos rep    | 3245   | 76.6472 | 3165 | 3340 | 5

==========================================================================================
TABLE: ent_edge_pct_vs_nusers  (ylabel=enterprise edge exposure (%))

n_users | series        | mean    | std      | min     | max     | n
--------+---------------+---------+----------+---------+---------+--
1000    | bk rep        | 22.0303 | 3.36242  | 17.1717 | 27.7228 | 5
1000    | main          | 23.6445 | 3.07685  | 20.3883 | 28.7129 | 5
1000    | main+qos      | 18.3296 | 2.1917   | 14.5631 | 20.7921 | 5
1000    | main+qos+lb   | 17.9374 | 2.34986  | 13.5922 | 20.202  | 5
1000    | tgbp rep      | 25.029  | 3.03187  | 20.3883 | 29.703  | 5
1000    | wk demand rep | 21.0678 | 2.14248  | 17.8218 | 23.7624 | 5
1000    | wk qos rep    | 19.5187 | 3.34709  | 15.8416 | 25.2525 | 5
2500    | bk rep        | 20.1936 | 2.08497  | 16.9355 | 23.0159 | 5
2500    | main          | 18.7572 | 2.74868  | 15.3226 | 22.0588 | 5
2500    | main+qos      | 14.11   | 1.57175  | 11.2903 | 15.8088 | 5
2500    | main+qos+lb   | 13.9491 | 1.74276  | 10.8871 | 15.8088 | 5
2500    | tgbp rep      | 23.7572 | 2.72577  | 20      | 28.3088 | 5
2500    | wk demand rep | 17.9451 | 1.84303  | 15.6627 | 20.6349 | 5
2500    | wk qos rep    | 14.1462 | 2.67812  | 10.1887 | 17.2794 | 5
5000    | bk rep        | 17.8179 | 2.51001  | 12.8968 | 20      | 5
5000    | main          | 18.04   | 1.68167  | 16.0714 | 20.4365 | 5
5000    | main+qos      | 12.9871 | 0.98258  | 11.7063 | 14.6825 | 5
5000    | main+qos+lb   | 12.9871 | 0.98258  | 11.7063 | 14.6825 | 5
5000    | tgbp rep      | 20.2014 | 1.19548  | 19.0476 | 22.4762 | 5
5000    | wk demand rep | 17.9345 | 1.19426  | 16.9524 | 20.2381 | 5
5000    | wk qos rep    | 13.1486 | 1.50578  | 11.2381 | 15.7588 | 5
10000   | bk rep        | 13.7534 | 1.35781  | 11.8977 | 16.0643 | 5
10000   | main          | 15.4724 | 1.07468  | 14.4554 | 17.4699 | 5
10000   | main+qos      | 9.79508 | 0.636286 | 8.81188 | 10.6426 | 5
10000   | main+qos+lb   | 9.7554  | 0.626772 | 8.81188 | 10.6426 | 5
10000   | tgbp rep      | 15.6748 | 1.33396  | 13.5693 | 17.2277 | 5
10000   | wk demand rep | 13.0873 | 1.09657  | 11.6054 | 14.5582 | 5
10000   | wk qos rep    | 11.064  | 0.740669 | 10.058  | 11.8118 | 5
20000   | bk rep        | 11.4869 | 0.523058 | 10.7246 | 12.2745 | 5
20000   | main          | 11.8279 | 0.579164 | 11.2286 | 12.6253 | 5
20000   | main+qos      | 6.86532 | 0.485881 | 6.31374 | 7.63285 | 5
20000   | main+qos+lb   | 6.85525 | 0.495947 | 6.31374 | 7.63285 | 5
20000   | tgbp rep      | 13.5962 | 0.54335  | 12.8984 | 14.4245 | 5
20000   | wk demand rep | 11.7394 | 0.94591  | 10.5578 | 13.142  | 5
20000   | wk qos rep    | 9.15187 | 0.643751 | 8.16425 | 10.1506 | 5
30000   | bk rep        | 9.44993 | 0.295252 | 9.0081  | 9.7479  | 5
30000   | main          | 10.5227 | 0.639095 | 9.53625 | 11.4344 | 5
30000   | main+qos      | 5.56969 | 0.470342 | 4.99673 | 6.15697 | 5
30000   | main+qos+lb   | 5.56969 | 0.470342 | 4.99673 | 6.15697 | 5
30000   | tgbp rep      | 10.8608 | 0.375087 | 10.2221 | 11.336  | 5
30000   | wk demand rep | 10.33   | 0.858461 | 8.97436 | 11.2941 | 5
30000   | wk qos rep    | 8.39852 | 0.369372 | 7.74004 | 8.84034 | 5
50000   | bk rep        | 8.36321 | 0.379151 | 7.92634 | 8.98167 | 5
50000   | main          | 8.93134 | 0.601616 | 8.09831 | 9.77597 | 5
50000   | main+qos      | 4.10765 | 0.276476 | 3.6664  | 4.53184 | 5
50000   | main+qos+lb   | 4.10765 | 0.276476 | 3.6664  | 4.53184 | 5
50000   | tgbp rep      | 9.11873 | 0.662542 | 8.32666 | 10.3214 | 5
50000   | wk demand rep | 8.45772 | 0.455246 | 7.917   | 9.12358 | 5
50000   | wk qos rep    | 6.78866 | 0.552837 | 6.24496 | 7.59674 | 5

==========================================================================================
TABLE: Umean_vs_nusers  (ylabel=U_mean)

n_users | series        | mean      | std        | min       | max       | n
--------+---------------+-----------+------------+-----------+-----------+--
1000    | bk rep        | 0.0906401 | 0.00429274 | 0.0864674 | 0.0960034 | 5
1000    | main          | 0.0874377 | 0.00482936 | 0.0825212 | 0.0937128 | 5
1000    | main+qos      | 0.087245  | 0.00482209 | 0.0823564 | 0.0934031 | 5
1000    | main+qos+lb   | 0.0876538 | 0.00489331 | 0.0826343 | 0.0939016 | 5
1000    | tgbp rep      | 0.0764856 | 0.00362115 | 0.0724389 | 0.0828469 | 5
1000    | wk demand rep | 0.0787145 | 0.00396598 | 0.0743533 | 0.0836139 | 5
1000    | wk qos rep    | 0.0785834 | 0.00396092 | 0.0739594 | 0.083747  | 5
2500    | bk rep        | 0.125557  | 0.00987659 | 0.114624  | 0.144058  | 5
2500    | main          | 0.122175  | 0.00795073 | 0.114047  | 0.1374    | 5
2500    | main+qos      | 0.121954  | 0.00795985 | 0.113798  | 0.137196  | 5
2500    | main+qos+lb   | 0.123012  | 0.00801399 | 0.114754  | 0.138356  | 5
2500    | tgbp rep      | 0.111525  | 0.00641259 | 0.104519  | 0.123601  | 5
2500    | wk demand rep | 0.109034  | 0.00762287 | 0.10052   | 0.123184  | 5
2500    | wk qos rep    | 0.108187  | 0.00772893 | 0.100134  | 0.122914  | 5
5000    | bk rep        | 0.154381  | 0.00486494 | 0.14885   | 0.163321  | 5
5000    | main          | 0.155705  | 0.00772056 | 0.150313  | 0.170715  | 5
5000    | main+qos      | 0.155408  | 0.00762362 | 0.150013  | 0.170226  | 5
5000    | main+qos+lb   | 0.15651   | 0.00764791 | 0.150905  | 0.171398  | 5
5000    | tgbp rep      | 0.146212  | 0.00555507 | 0.137971  | 0.154137  | 5
5000    | wk demand rep | 0.140588  | 0.006841   | 0.134007  | 0.153511  | 5
5000    | wk qos rep    | 0.138677  | 0.004965   | 0.134466  | 0.148235  | 5
10000   | bk rep        | 0.189444  | 0.00845268 | 0.180626  | 0.205439  | 5
10000   | main          | 0.198442  | 0.00733363 | 0.188599  | 0.21108   | 5
10000   | main+qos      | 0.198038  | 0.0073136  | 0.188228  | 0.210648  | 5
10000   | main+qos+lb   | 0.199178  | 0.00731263 | 0.189755  | 0.211923  | 5
10000   | tgbp rep      | 0.186953  | 0.00754267 | 0.180239  | 0.201483  | 5
10000   | wk demand rep | 0.178482  | 0.00730205 | 0.171203  | 0.19222   | 5
10000   | wk qos rep    | 0.177457  | 0.00778315 | 0.168453  | 0.191636  | 5
20000   | bk rep        | 0.245495  | 0.00849097 | 0.236945  | 0.261606  | 5
20000   | main          | 0.25474   | 0.00563723 | 0.249289  | 0.265524  | 5
20000   | main+qos      | 0.254189  | 0.00557668 | 0.248782  | 0.264849  | 5
20000   | main+qos+lb   | 0.254979  | 0.00546709 | 0.249611  | 0.265405  | 5
20000   | tgbp rep      | 0.237366  | 0.00615902 | 0.22954   | 0.248277  | 5
20000   | wk demand rep | 0.231063  | 0.00626022 | 0.225847  | 0.243011  | 5
20000   | wk qos rep    | 0.228733  | 0.006322   | 0.223619  | 0.241105  | 5
30000   | bk rep        | 0.291949  | 0.00921893 | 0.283654  | 0.309107  | 5
30000   | main          | 0.292825  | 0.00599609 | 0.284657  | 0.303032  | 5
30000   | main+qos      | 0.292159  | 0.00593176 | 0.283965  | 0.302206  | 5
30000   | main+qos+lb   | 0.292772  | 0.0059185  | 0.284487  | 0.302677  | 5
30000   | tgbp rep      | 0.271999  | 0.00604209 | 0.265967  | 0.283236  | 5
30000   | wk demand rep | 0.263942  | 0.00546575 | 0.258887  | 0.272925  | 5
30000   | wk qos rep    | 0.263448  | 0.00604762 | 0.258197  | 0.274337  | 5
50000   | bk rep        | 0.357958  | 0.00705888 | 0.350299  | 0.371164  | 5
50000   | main          | 0.352001  | 0.00872049 | 0.341439  | 0.362639  | 5
50000   | main+qos      | 0.351229  | 0.00871604 | 0.340703  | 0.361996  | 5
50000   | main+qos+lb   | 0.351686  | 0.0086895  | 0.341225  | 0.362252  | 5
50000   | tgbp rep      | 0.32143   | 0.00501074 | 0.315727  | 0.329408  | 5
50000   | wk demand rep | 0.309068  | 0.00540978 | 0.301382  | 0.315032  | 5
50000   | wk qos rep    | 0.309605  | 0.00590554 | 0.300743  | 0.316085  | 5

==========================================================================================
TABLE: Umax_vs_nusers  (ylabel=U_max)

n_users | series        | mean     | std         | min      | max      | n
--------+---------------+----------+-------------+----------+----------+--
1000    | bk rep        | 0.763946 | 0.149897    | 0.535792 | 0.992032 | 5
1000    | main          | 0.878885 | 0.0624879   | 0.816794 | 0.992032 | 5
1000    | main+qos      | 0.878885 | 0.0624879   | 0.816794 | 0.992032 | 5
1000    | main+qos+lb   | 0.809042 | 0.111109    | 0.65245  | 0.992032 | 5
1000    | tgbp rep      | 0.856354 | 0.0896289   | 0.75054  | 0.992032 | 5
1000    | wk demand rep | 0.606425 | 0.102154    | 0.52541  | 0.807206 | 5
1000    | wk qos rep    | 0.656817 | 0.125925    | 0.541071 | 0.88051  | 5
2500    | bk rep        | 0.9271   | 0.0305417   | 0.875788 | 0.962791 | 5
2500    | main          | 0.92759  | 0.039212    | 0.880451 | 0.994296 | 5
2500    | main+qos      | 0.949544 | 0.034031    | 0.896748 | 0.994296 | 5
2500    | main+qos+lb   | 0.799536 | 0.0778949   | 0.692137 | 0.928143 | 5
2500    | tgbp rep      | 0.969843 | 0.00863203  | 0.957469 | 0.982681 | 5
2500    | wk demand rep | 0.896293 | 0.0635893   | 0.792925 | 0.988232 | 5
2500    | wk qos rep    | 0.799279 | 0.103842    | 0.623642 | 0.941393 | 5
5000    | bk rep        | 0.968057 | 0.0206572   | 0.947006 | 0.994856 | 5
5000    | main          | 0.989263 | 0.00461141  | 0.984623 | 0.998    | 5
5000    | main+qos      | 0.983398 | 0.0111885   | 0.964024 | 0.998    | 5
5000    | main+qos+lb   | 0.790016 | 0.0483818   | 0.73777  | 0.867602 | 5
5000    | tgbp rep      | 0.991964 | 0.00511871  | 0.982972 | 0.998245 | 5
5000    | wk demand rep | 0.940114 | 0.0541541   | 0.838405 | 0.980725 | 5
5000    | wk qos rep    | 0.974132 | 0.00918481  | 0.962641 | 0.988571 | 5
10000   | bk rep        | 0.991398 | 0.00467565  | 0.986472 | 0.99941  | 5
10000   | main          | 0.992487 | 0.00977445  | 0.973148 | 0.999192 | 5
10000   | main+qos      | 0.99002  | 0.0143544   | 0.96149  | 0.999192 | 5
10000   | main+qos+lb   | 0.839058 | 0.0461158   | 0.758811 | 0.900126 | 5
10000   | tgbp rep      | 0.995045 | 0.00469443  | 0.987677 | 0.999433 | 5
10000   | wk demand rep | 0.997204 | 0.000830274 | 0.995801 | 0.998095 | 5
10000   | wk qos rep    | 0.987974 | 0.011878    | 0.967653 | 0.999391 | 5
20000   | bk rep        | 0.995162 | 0.00326389  | 0.991155 | 0.998991 | 5
20000   | main          | 0.998714 | 0.00138279  | 0.996482 | 0.999991 | 5
20000   | main+qos      | 0.99897  | 0.000819869 | 0.997722 | 0.999873 | 5
20000   | main+qos+lb   | 0.949428 | 0.0298277   | 0.900066 | 0.984219 | 5
20000   | tgbp rep      | 0.998961 | 0.000669348 | 0.99798  | 0.999754 | 5
20000   | wk demand rep | 0.997159 | 0.00281078  | 0.99295  | 0.9999   | 5
20000   | wk qos rep    | 0.997357 | 0.00203842  | 0.993804 | 0.999484 | 5
30000   | bk rep        | 0.999002 | 0.000556008 | 0.998149 | 0.999563 | 5
30000   | main          | 0.999154 | 0.000729516 | 0.997834 | 0.999997 | 5
30000   | main+qos      | 0.99831  | 0.00167039  | 0.995748 | 0.999997 | 5
30000   | main+qos+lb   | 0.958059 | 0.026352    | 0.917796 | 0.996917 | 5
30000   | tgbp rep      | 0.998512 | 0.00118158  | 0.996403 | 0.99972  | 5
30000   | wk demand rep | 0.998536 | 0.00117274  | 0.99665  | 0.999734 | 5
30000   | wk qos rep    | 0.996293 | 0.0020907   | 0.993456 | 0.99931  | 5
50000   | bk rep        | 0.99832  | 0.00131513  | 0.995803 | 0.999503 | 5
50000   | main          | 0.998447 | 0.000907233 | 0.997202 | 0.999481 | 5
50000   | main+qos      | 0.998447 | 0.000907233 | 0.997202 | 0.999481 | 5
50000   | main+qos+lb   | 0.983437 | 0.00742047  | 0.970931 | 0.991744 | 5
50000   | tgbp rep      | 0.999499 | 0.000396294 | 0.998748 | 0.999927 | 5
50000   | wk demand rep | 0.999311 | 0.00044466  | 0.998524 | 0.99989  | 5
50000   | wk qos rep    | 0.998108 | 0.00160834  | 0.994909 | 0.99907  | 5

==========================================================================================
TABLE: risk_sum_vs_nusers  (ylabel=risk_sum)

n_users | series        | mean     | std       | min      | max      | n
--------+---------------+----------+-----------+----------+----------+--
1000    | bk rep        | 0.56798  | 0.11887   | 0.379686 | 0.71305  | 5
1000    | main          | 0.575486 | 0.127346  | 0.419973 | 0.751064 | 5
1000    | main+qos      | 0.440754 | 0.11173   | 0.291681 | 0.549715 | 5
1000    | main+qos+lb   | 0.417942 | 0.114023  | 0.264328 | 0.534614 | 5
1000    | tgbp rep      | 0.679143 | 0.252943  | 0.296469 | 1.07968  | 5
1000    | wk demand rep | 0.570193 | 0.101698  | 0.411034 | 0.708885 | 5
1000    | wk qos rep    | 0.511321 | 0.1502    | 0.298669 | 0.749737 | 5
2500    | bk rep        | 1.12688  | 0.0848753 | 0.97563  | 1.2383   | 5
2500    | main          | 1.19518  | 0.223635  | 0.920755 | 1.45842  | 5
2500    | main+qos      | 0.826408 | 0.195831  | 0.495734 | 1.0903   | 5
2500    | main+qos+lb   | 0.819709 | 0.197963  | 0.480075 | 1.07905  | 5
2500    | tgbp rep      | 1.45235  | 0.134002  | 1.2718   | 1.60568  | 5
2500    | wk demand rep | 1.03674  | 0.200003  | 0.877161 | 1.42876  | 5
2500    | wk qos rep    | 0.757807 | 0.185373  | 0.596648 | 1.02449  | 5
5000    | bk rep        | 2.06849  | 0.207774  | 1.79998  | 2.38399  | 5
5000    | main          | 2.26783  | 0.254228  | 1.92848  | 2.60434  | 5
5000    | main+qos      | 1.59645  | 0.192264  | 1.3042   | 1.77726  | 5
5000    | main+qos+lb   | 1.59634  | 0.192166  | 1.3042   | 1.77726  | 5
5000    | tgbp rep      | 2.58975  | 0.299549  | 2.27736  | 3.09528  | 5
5000    | wk demand rep | 2.03536  | 0.193493  | 1.785    | 2.27999  | 5
5000    | wk qos rep    | 1.52378  | 0.130875  | 1.386    | 1.77299  | 5
10000   | bk rep        | 2.88247  | 0.2584    | 2.61223  | 3.31796  | 5
10000   | main          | 3.64391  | 0.49251   | 2.90918  | 4.22212  | 5
10000   | main+qos      | 2.23125  | 0.396529  | 1.6736   | 2.83856  | 5
10000   | main+qos+lb   | 2.22965  | 0.395068  | 1.6736   | 2.83452  | 5
10000   | tgbp rep      | 3.73046  | 0.602763  | 2.80194  | 4.55474  | 5
10000   | wk demand rep | 2.8968   | 0.257273  | 2.5579   | 3.3307   | 5
10000   | wk qos rep    | 2.33929  | 0.390559  | 1.65949  | 2.77509  | 5
20000   | bk rep        | 4.68869  | 0.540362  | 3.9177   | 5.54427  | 5
20000   | main          | 5.24731  | 0.353907  | 4.65185  | 5.70809  | 5
20000   | main+qos      | 2.86094  | 0.373127  | 2.32184  | 3.21771  | 5
20000   | main+qos+lb   | 2.83529  | 0.354408  | 2.31358  | 3.1897   | 5
20000   | tgbp rep      | 6.36413  | 0.431612  | 5.81139  | 6.94912  | 5
20000   | wk demand rep | 4.66613  | 0.390631  | 3.98438  | 5.12475  | 5
20000   | wk qos rep    | 3.86503  | 0.537604  | 3.14264  | 4.65938  | 5
30000   | bk rep        | 5.85329  | 0.144652  | 5.65575  | 5.99395  | 5
30000   | main          | 6.77745  | 0.517661  | 5.89204  | 7.41159  | 5
30000   | main+qos      | 2.91993  | 0.357698  | 2.46899  | 3.49544  | 5
30000   | main+qos+lb   | 2.91348  | 0.347404  | 2.46899  | 3.46319  | 5
30000   | tgbp rep      | 6.85638  | 0.39955   | 6.39955  | 7.37405  | 5
30000   | wk demand rep | 6.23945  | 0.618694  | 5.39071  | 7.12099  | 5
30000   | wk qos rep    | 4.83989  | 0.478653  | 4.07851  | 5.58825  | 5
50000   | bk rep        | 7.60834  | 0.702476  | 6.47546  | 8.35718  | 5
50000   | main          | 8.97018  | 0.708647  | 8.25172  | 10.2506  | 5
50000   | main+qos      | 3.25558  | 0.259979  | 2.88101  | 3.58228  | 5
50000   | main+qos+lb   | 3.25558  | 0.259979  | 2.88101  | 3.58228  | 5
50000   | tgbp rep      | 9.8317   | 0.888116  | 8.8758   | 11.4436  | 5
50000   | wk demand rep | 7.80481  | 0.808889  | 6.68705  | 8.70502  | 5
50000   | wk qos rep    | 6.12537  | 0.517426  | 5.44474  | 6.72265  | 5

==========================================================================================
TABLE: runtime_methods_vs_nusers  (ylabel=seconds)

n_users | series                       | mean_s   | std_s      | min_s    | max_s    | n
--------+------------------------------+----------+------------+----------+----------+--
1000    | BKMeans total                | 2.38451  | 0.103479   | 2.2853   | 2.57451  | 5
1000    | MY algorithm total           | 0.367097 | 0.0275891  | 0.3355   | 0.404948 | 5
1000    | TGBP total                   | 0.949198 | 0.119145   | 0.741778 | 1.07038  | 5
1000    | WKMeans++ (demand) total     | 0.170829 | 0.00871581 | 0.159251 | 0.180563 | 5
1000    | WKMeans++ (demand*qos) total | 0.172446 | 0.00829403 | 0.162386 | 0.186354 | 5
2500    | BKMeans total                | 4.8229   | 0.489822   | 4.10966  | 5.46624  | 5
2500    | MY algorithm total           | 0.933596 | 0.0996213  | 0.802117 | 1.09064  | 5
2500    | TGBP total                   | 1.7169   | 0.228711   | 1.3427   | 1.97211  | 5
2500    | WKMeans++ (demand) total     | 0.349907 | 0.033709   | 0.311684 | 0.407446 | 5
2500    | WKMeans++ (demand*qos) total | 0.339167 | 0.0226952  | 0.317134 | 0.367659 | 5
5000    | BKMeans total                | 8.67449  | 0.370377   | 8.2229   | 9.23268  | 5
5000    | MY algorithm total           | 1.48097  | 0.163212   | 1.27185  | 1.67596  | 5
5000    | TGBP total                   | 2.46562  | 0.336447   | 1.90213  | 2.9553   | 5
5000    | WKMeans++ (demand) total     | 0.651862 | 0.0388889  | 0.621609 | 0.725939 | 5
5000    | WKMeans++ (demand*qos) total | 0.636572 | 0.0171437  | 0.6114   | 0.663323 | 5
10000   | BKMeans total                | 17.5009  | 0.596047   | 16.4928  | 18.3033  | 5
10000   | MY algorithm total           | 2.38193  | 0.380622   | 1.81473  | 2.95797  | 5
10000   | TGBP total                   | 3.54535  | 0.49546    | 2.93219  | 4.35351  | 5
10000   | WKMeans++ (demand) total     | 1.48032  | 0.0393057  | 1.4523   | 1.55817  | 5
10000   | WKMeans++ (demand*qos) total | 1.40033  | 0.132992   | 1.27418  | 1.62662  | 5
20000   | BKMeans total                | 32.0502  | 1.92118    | 29.2423  | 35.2891  | 5
20000   | MY algorithm total           | 2.91078  | 0.240115   | 2.63328  | 3.26022  | 5
20000   | TGBP total                   | 5.17196  | 0.478235   | 4.76696  | 6.07614  | 5
20000   | WKMeans++ (demand) total     | 3.54642  | 0.104347   | 3.38627  | 3.67592  | 5
20000   | WKMeans++ (demand*qos) total | 3.47163  | 0.0976682  | 3.32686  | 3.57949  | 5
30000   | BKMeans total                | 48.6572  | 3.32443    | 43.5055  | 53.3346  | 5
30000   | MY algorithm total           | 3.60875  | 0.286905   | 3.24969  | 4.09193  | 5
30000   | TGBP total                   | 7.56242  | 0.402668   | 6.91391  | 8.06355  | 5
30000   | WKMeans++ (demand) total     | 6.59942  | 0.819276   | 5.79742  | 8.04779  | 5
30000   | WKMeans++ (demand*qos) total | 6.38953  | 0.347124   | 5.81668  | 6.69587  | 5
50000   | BKMeans total                | 64.4756  | 6.60391    | 54.8961  | 72.422   | 5
50000   | MY algorithm total           | 3.98241  | 0.356614   | 3.37718  | 4.40431  | 5
50000   | TGBP total                   | 10.906   | 1.04527    | 8.90635  | 11.9485  | 5
50000   | WKMeans++ (demand) total     | 12.0522  | 1.28216    | 10.6457  | 14.469   | 5
50000   | WKMeans++ (demand*qos) total | 11.1376  | 1.05378    | 9.95857  | 12.6542  | 5

