MILP VS HEURISTIC TABLES (datapoints used in plots)
CSV: milp_compare.csv

Aggregation note: NaN values are excluded from means/min/max and from n.

==========================================================================================
TABLE: feasible_rate_vs_nusers

n_users  | series                   | mean         | std          | min        | max        | n  
-------------------------------------------------------------------------------------------------
50       | Heuristic                | 1.0          | 0.0          | 1.0        | 1.0        | 3  
50       | MILP                     | 1.0          | 0.0          | 1.0        | 1.0        | 3  
75       | Heuristic                | 1.0          | 0.0          | 1.0        | 1.0        | 3  
75       | MILP                     | 1.0          | 0.0          | 1.0        | 1.0        | 3  
100      | Heuristic                | 1.0          | 0.0          | 1.0        | 1.0        | 3  
100      | MILP                     | 1.0          | 0.0          | 1.0        | 1.0        | 3  
125      | Heuristic                | 1.0          | 0.0          | 1.0        | 1.0        | 3  
125      | MILP                     | 1.0          | 0.0          | 1.0        | 1.0        | 3  
150      | Heuristic                | 1.0          | 0.0          | 1.0        | 1.0        | 3  
150      | MILP                     | 1.0          | 0.0          | 1.0        | 1.0        | 3  
175      | Heuristic                | 1.0          | 0.0          | 1.0        | 1.0        | 3  
175      | MILP                     | 1.0          | 0.0          | 1.0        | 1.0        | 3  
200      | Heuristic                | 1.0          | 0.0          | 1.0        | 1.0        | 3  
200      | MILP                     | 1.0          | 0.0          | 1.0        | 1.0        | 3  
500      | Heuristic                | 1.0          | 0.0          | 1.0        | 1.0        | 3  
500      | MILP                     | 1.0          | 0.0          | 1.0        | 1.0        | 3  
1000     | Heuristic                | 1.0          | 0.0          | 1.0        | 1.0        | 3  
1000     | MILP                     | 1.0          | 0.0          | 1.0        | 1.0        | 3  
2000     | Heuristic                | 1.0          | 0.0          | 1.0        | 1.0        | 3  
2000     | MILP                     | 1.0          | 0.0          | 1.0        | 1.0        | 3  
5000     | Heuristic                | 1.0          | 0.0          | 1.0        | 1.0        | 3  
5000     | MILP                     | 1.0          | 0.0          | 1.0        | 1.0        | 3  

==========================================================================================
TABLE: optimal_solve_rate_vs_nusers

n_users  | series                   | mean         | std          | min        | max        | n  
-------------------------------------------------------------------------------------------------
50       | MILP optimal             | 1.0          | 0.0          | 1.0        | 1.0        | 3  
75       | MILP optimal             | 1.0          | 0.0          | 1.0        | 1.0        | 3  
100      | MILP optimal             | 1.0          | 0.0          | 1.0        | 1.0        | 3  
125      | MILP optimal             | 1.0          | 0.0          | 1.0        | 1.0        | 3  
150      | MILP optimal             | 1.0          | 0.0          | 1.0        | 1.0        | 3  
175      | MILP optimal             | 1.0          | 0.0          | 1.0        | 1.0        | 3  
200      | MILP optimal             | 1.0          | 0.0          | 1.0        | 1.0        | 3  
500      | MILP optimal             | 1.0          | 0.0          | 1.0        | 1.0        | 3  
1000     | MILP optimal             | 1.0          | 0.0          | 1.0        | 1.0        | 3  
2000     | MILP optimal             | 1.0          | 0.0          | 1.0        | 1.0        | 3  
5000     | MILP optimal             | 0.0          | 0.0          | 0.0        | 0.0        | 3  

==========================================================================================
TABLE: K_vs_nusers

n_users  | series                   | mean         | std          | min        | max        | n  
-------------------------------------------------------------------------------------------------
50       | Heuristic                | 22.666666666666668 | 2.0548046676563256 | 20.0       | 25.0       | 3  
50       | MILP                     | 25.0         | 2.8284271247461903 | 23.0       | 29.0       | 3  
75       | Heuristic                | 30.333333333333332 | 4.109609335312651 | 25.0       | 35.0       | 3  
75       | MILP                     | 29.666666666666668 | 3.0912061651652345 | 27.0       | 34.0       | 3  
100      | Heuristic                | 39.666666666666664 | 4.642796092394707 | 35.0       | 46.0       | 3  
100      | MILP                     | 37.333333333333336 | 6.182412330330469 | 32.0       | 46.0       | 3  
125      | Heuristic                | 42.666666666666664 | 6.236095644623235 | 36.0       | 51.0       | 3  
125      | MILP                     | 41.0         | 6.377042156569663 | 36.0       | 50.0       | 3  
150      | Heuristic                | 50.333333333333336 | 5.312459150169742 | 44.0       | 57.0       | 3  
150      | MILP                     | 46.666666666666664 | 4.784233364802441 | 40.0       | 51.0       | 3  
175      | Heuristic                | 52.666666666666664 | 1.699673171197595 | 51.0       | 55.0       | 3  
175      | MILP                     | 46.333333333333336 | 6.649979114420001 | 37.0       | 52.0       | 3  
200      | Heuristic                | 55.333333333333336 | 6.236095644623235 | 47.0       | 62.0       | 3  
200      | MILP                     | 51.0         | 3.7416573867739413 | 46.0       | 55.0       | 3  
500      | Heuristic                | 89.66666666666667 | 8.219218670625303 | 79.0       | 99.0       | 3  
500      | MILP                     | 76.33333333333333 | 4.4969125210773475 | 71.0       | 82.0       | 3  
1000     | Heuristic                | 124.0        | 5.354126134736337 | 118.0      | 131.0      | 3  
1000     | MILP                     | 97.0         | 2.8284271247461903 | 95.0       | 101.0      | 3  
2000     | Heuristic                | 156.33333333333334 | 7.039570693980958 | 147.0      | 164.0      | 3  
2000     | MILP                     | 116.66666666666667 | 10.370899457402697 | 102.0      | 124.0      | 3  
5000     | Heuristic                | 229.33333333333334 | 46.449494674921446 | 187.0      | 294.0      | 3  
5000     | MILP                     | 1065.3333333333333 | 49.815214097257034 | 995.0      | 1104.0     | 3  

==========================================================================================
TABLE: used_sats_vs_nusers

n_users  | series                   | mean         | std          | min        | max        | n  
-------------------------------------------------------------------------------------------------
50       | Heuristic                | 1.0          | 0.0          | 1.0        | 1.0        | 3  
50       | MILP                     | 1.0          | 0.0          | 1.0        | 1.0        | 3  
75       | Heuristic                | 1.0          | 0.0          | 1.0        | 1.0        | 3  
75       | MILP                     | 1.0          | 0.0          | 1.0        | 1.0        | 3  
100      | Heuristic                | 1.0          | 0.0          | 1.0        | 1.0        | 3  
100      | MILP                     | 1.0          | 0.0          | 1.0        | 1.0        | 3  
125      | Heuristic                | 1.0          | 0.0          | 1.0        | 1.0        | 3  
125      | MILP                     | 1.0          | 0.0          | 1.0        | 1.0        | 3  
150      | Heuristic                | 1.0          | 0.0          | 1.0        | 1.0        | 3  
150      | MILP                     | 1.0          | 0.0          | 1.0        | 1.0        | 3  
175      | Heuristic                | 1.0          | 0.0          | 1.0        | 1.0        | 3  
175      | MILP                     | 1.3333333333333333 | 0.4714045207910317 | 1.0        | 2.0        | 3  
200      | Heuristic                | 1.0          | 0.0          | 1.0        | 1.0        | 3  
200      | MILP                     | 1.0          | 0.0          | 1.0        | 1.0        | 3  
500      | Heuristic                | 1.0          | 0.0          | 1.0        | 1.0        | 3  
500      | MILP                     | 1.0          | 0.0          | 1.0        | 1.0        | 3  
1000     | Heuristic                | 1.0          | 0.0          | 1.0        | 1.0        | 3  
1000     | MILP                     | 1.0          | 0.0          | 1.0        | 1.0        | 3  
2000     | Heuristic                | 1.0          | 0.0          | 1.0        | 1.0        | 3  
2000     | MILP                     | 1.3333333333333333 | 0.4714045207910317 | 1.0        | 2.0        | 3  
5000     | Heuristic                | 2.0          | 0.0          | 2.0        | 2.0        | 3  
5000     | MILP                     | 10.0         | 0.0          | 10.0       | 10.0       | 3  

==========================================================================================
TABLE: Umax_or_peak_load_vs_nusers

n_users  | series                   | mean         | std          | min        | max        | n  
-------------------------------------------------------------------------------------------------
50       | Heuristic                | 0.15134420747891233 | 0.06138090402803998 | 0.07655851089362051 | 0.22690442087106028 | 3  
50       | MILP                     | 0.161859286309861 | 0.061044850907706456 | 0.079569221921464 | 0.22560895764586558 | 3  
75       | Heuristic                | 0.12053133177593689 | 0.019724890034187783 | 0.10657255392359558 | 0.14842653579363435 | 3  
75       | MILP                     | 0.13747172505392238 | 0.0696211482932132 | 0.07118213078708732 | 0.23366351817804645 | 3  
100      | Heuristic                | 0.11631934974307793 | 0.027151111022241034 | 0.09703966149756679 | 0.15471670524077713 | 3  
100      | MILP                     | 0.19090176224323577 | 0.0157987340056812 | 0.1709676004242103 | 0.20960794429091378 | 3  
125      | Heuristic                | 0.13862531821005641 | 0.023991983717730512 | 0.10517971790965477 | 0.16029450992149655 | 3  
125      | MILP                     | 0.19319664171039205 | 0.03733974568913884 | 0.16452977516919098 | 0.2459363633232168 | 3  
150      | Heuristic                | 0.1487018396037486 | 0.02430935691437701 | 0.13012268736161997 | 0.18304193621558734 | 3  
150      | MILP                     | 0.20444023677729606 | 0.03252953280094384 | 0.17648892061698365 | 0.2500591990472997 | 3  
175      | Heuristic                | 0.14110809295695118 | 0.014047513539693328 | 0.12803549658948954 | 0.16059928879106397 | 3  
175      | MILP                     | 0.2318136836588216 | 0.07497980237670825 | 0.16996571098268495 | 0.33733041330054 | 3  
200      | Heuristic                | 0.14468531464323822 | 0.031028561199264962 | 0.10246659005761159 | 0.17615526986874852 | 3  
200      | MILP                     | 0.26315173157363114 | 0.0472342124333099 | 0.21068031038350024 | 0.3251878430743915 | 3  
500      | Heuristic                | 0.2484178285856181 | 0.049157062009327096 | 0.20731358709503714 | 0.3175235909728724 | 3  
500      | MILP                     | 0.5752859008762459 | 0.0797116245542999 | 0.46424181094270905 | 0.6476252643496294 | 3  
1000     | Heuristic                | 0.330178006209139 | 0.032678927034176124 | 0.2912800694428246 | 0.3712390382293107 | 3  
1000     | MILP                     | 1.0270047803297044 | 0.14744283953009635 | 0.8904131862639978 | 1.2317415489069898 | 3  
2000     | Heuristic                | 0.7785013712418292 | 0.22836892243730056 | 0.47818418949762365 | 1.0315469868773786 | 3  
2000     | MILP                     | 1.978641986054564 | 0.26235854470882575 | 1.7695245299191575 | 2.348625705649425 | 3  
5000     | Heuristic                | 1.9342852931069618 | 0.530556565730136 | 1.4282172862030684 | 2.667065879090014 | 3  
5000     | MILP                     | 0.723508460459775 | 0.12690934442374247 | 0.5546344645239636 | 0.860577698315413 | 3  

==========================================================================================
TABLE: runtime_vs_nusers

n_users  | series                   | mean         | std          | min        | max        | n  
-------------------------------------------------------------------------------------------------
50       | Heuristic                | 14.423198833334027 | 0.04175007245500018 | 14.364155400002346 | 14.452807499998016 | 3  
50       | MILP                     | 17.428900633333495 | 0.2670948309697836 | 17.197224799998367 | 17.803106900002604 | 3  
75       | Heuristic                | 14.456158833333271 | 0.16417701130601706 | 14.236106300002575 | 14.630323999997927 | 3  
75       | MILP                     | 17.959445399999822 | 0.3807081060648145 | 17.643362499999057 | 18.494947699997283 | 3  
100      | Heuristic                | 14.65653056666512 | 0.18521460008051693 | 14.420644199999515 | 14.873088599997573 | 3  
100      | MILP                     | 18.371137299999344 | 0.4190732987231924 | 17.91546179999932 | 18.927157199999783 | 3  
125      | Heuristic                | 14.684426466666386 | 0.23949005397754292 | 14.345937899997807 | 14.863787400001456 | 3  
125      | MILP                     | 18.948540800000046 | 0.4839234243672812 | 18.54177720000007 | 19.628557  | 3  
150      | Heuristic                | 15.327878366665876 | 0.21418641368985103 | 15.025047899998754 | 15.485125499999413 | 3  
150      | MILP                     | 18.92128493333318 | 0.4483572332518892 | 18.31963860000178 | 19.395464899997023 | 3  
175      | Heuristic                | 15.708663566667383 | 0.11826551372791216 | 15.544525400000566 | 15.818555199999537 | 3  
175      | MILP                     | 19.040713600000647 | 0.7599797645028786 | 18.175408800001605 | 20.0254434999988 | 3  
200      | Heuristic                | 15.458078466667454 | 0.1822794505343913 | 15.29291050000029 | 15.712063599999965 | 3  
200      | MILP                     | 19.423442866667756 | 0.12419480011243367 | 19.329676400000608 | 19.59894340000028 | 3  
500      | Heuristic                | 16.451836899999762 | 0.21812594016098502 | 16.203058999999485 | 16.73418329999913 | 3  
500      | MILP                     | 22.04627750000145 | 0.6933330050029338 | 21.504299600001104 | 23.02491110000119 | 3  
1000     | Heuristic                | 17.78825913333397 | 0.15198901996424777 | 17.674389100000553 | 18.003074500000366 | 3  
1000     | MILP                     | 29.973088066667213 | 5.515360136890585 | 25.5908436000027 | 37.75221049999891 | 3  
2000     | Heuristic                | 18.102874033333745 | 0.7058987264736449 | 17.232872500000667 | 18.96185890000197 | 3  
2000     | MILP                     | 37.255262999999104 | 6.314672738636145 | 28.34262139999919 | 42.197641899998416 | 3  
5000     | Heuristic                | 23.073072533334198 | 1.7385987781023082 | 21.59832290000122 | 25.514244199999666 | 3  
5000     | MILP                     | 338.43421216666684 | 2.820934886819965 | 335.9675649000019 | 342.38290849999976 | 3  

==========================================================================================
TABLE: mip_gap_vs_nusers

n_users  | series                   | mean         | std          | min        | max        | n  
-------------------------------------------------------------------------------------------------
50       | MILP                     | 0.0          | 0.0          | 0.0        | 0.0        | 3  
75       | MILP                     | 0.0          | 0.0          | 0.0        | 0.0        | 3  
100      | MILP                     | 0.0          | 0.0          | 0.0        | 0.0        | 3  
125      | MILP                     | 0.0          | 0.0          | 0.0        | 0.0        | 3  
150      | MILP                     | 0.0          | 0.0          | 0.0        | 0.0        | 3  
175      | MILP                     | 0.0          | 0.0          | 0.0        | 0.0        | 3  
200      | MILP                     | 0.0          | 0.0          | 0.0        | 0.0        | 3  
500      | MILP                     | 0.0          | 0.0          | 0.0        | 0.0        | 3  
1000     | MILP                     | 0.0          | 0.0          | 0.0        | 0.0        | 3  
2000     | MILP                     | 0.0          | 0.0          | 0.0        | 0.0        | 3  
5000     | MILP                     | 0.8975213034519259 | 0.010702338189345907 | 0.8823860926865219 | 0.905153021187549 | 3  

==========================================================================================
TABLE: K_gap_pct_vs_nusers

n_users  | series                   | mean         | std          | min        | max        | n  
-------------------------------------------------------------------------------------------------
50       | Heuristic minus MILP     | -8.945527236381809 | 6.332841786172305 | -13.793103448275861 | 0.0        | 3  
75       | Heuristic minus MILP     | 2.0826849258221807 | 7.423013592808563 | -7.407407407407407 | 10.714285714285714 | 3  
100      | Heuristic minus MILP     | 7.046568627450981 | 5.077287373986912 | 0.0        | 11.764705882352942 | 3  
125      | Heuristic minus MILP     | 4.27027027027027 | 4.6963817932418825 | 0.0        | 10.81081081081081 | 3  
150      | Heuristic minus MILP     | 7.935174069627852 | 4.229746770632221 | 2.0408163265306123 | 11.764705882352942 | 3  
175      | Heuristic minus MILP     | 16.103257103257103 | 17.348148633087135 | 2.0        | 40.54054054054054 | 3  
200      | Heuristic minus MILP     | 8.172190128711867 | 4.427599643046374 | 2.1739130434782608 | 12.727272727272727 | 3  
500      | Heuristic minus MILP     | 17.245385018713048 | 4.246396431360812 | 11.267605633802816 | 20.73170731707317 | 3  
1000     | Heuristic minus MILP     | 27.795726941115163 | 2.536847212616848 | 24.210526315789473 | 29.702970297029704 | 3  
2000     | Heuristic minus MILP     | 34.59835547122075 | 7.015029678385392 | 27.419354838709676 | 44.11764705882353 | 3  
5000     | Heuristic minus MILP     | -78.5518885066475 | 3.7846570582188646 | -81.25     | -73.1996353691887 | 3  

==========================================================================================
TABLE: sat_time_load_max_vs_nusers

n_users  | series                   | mean         | std          | min        | max        | n  
-------------------------------------------------------------------------------------------------
50       | Heuristic(payload T_max) | 0.7798023788272328 | 0.16633168495859185 | 0.6217638383609638 | 1.0097097166045406 | 3  
50       | MILP                     | 0.8240332363470012 | 0.15715568243781952 | 0.651535175271753 | 1.0316502073701799 | 3  
75       | Heuristic(payload T_max) | 1.1057990130352817 | 0.053899139138274495 | 1.055224900664923 | 1.1804760496642046 | 3  
75       | MILP                     | 1.1428998494247484 | 0.06092257110603429 | 1.0955391536157322 | 1.2289104698669175 | 3  
100      | Heuristic(payload T_max) | 1.5173639644664096 | 0.12284327375791354 | 1.381453830186079 | 1.6790315249640213 | 3  
100      | MILP                     | 1.5853520613662437 | 0.11661113494002424 | 1.4476741723659095 | 1.73280928839859 | 3  
125      | Heuristic(payload T_max) | 1.8118345524850525 | 0.1427835358539954 | 1.6559014610720133 | 2.000906275470731 | 3  
125      | MILP                     | 1.925294569422715 | 0.13108453950578844 | 1.7904204046455927 | 2.1028745340276145 | 3  
150      | Heuristic(payload T_max) | 2.1776125634642596 | 0.017883455969159166 | 2.1579131810987975 | 2.2011982565003603 | 3  
150      | MILP                     | 2.3074542028076315 | 0.026025606326450998 | 2.2729749669034836 | 2.3358466229003647 | 3  
175      | Heuristic(payload T_max) | 2.453421629655501 | 0.12078528296447681 | 2.2944100877347298 | 2.586965572524244 | 3  
175      | MILP                     | 2.5243467942234514 | 0.11492066423283728 | 2.433650467192901 | 2.6864886681813287 | 3  
200      | Heuristic(payload T_max) | 2.885266525013305 | 0.18123072006540797 | 2.629646636690355 | 3.0292231519133885 | 3  
200      | MILP                     | 3.0336014482854714 | 0.19199244600949292 | 2.763572836327147 | 3.1932137324327194 | 3  
500      | Heuristic(payload T_max) | 7.445032222541638 | 0.48240728049153275 | 6.801511728290638 | 7.962971486170091 | 3  
500      | MILP                     | 7.888543290378219 | 0.5176653186575847 | 7.191896623335905 | 8.431747713760386 | 3  
1000     | Heuristic(payload T_max) | 14.512831106559304 | 0.34265697456191474 | 14.210410565994831 | 14.99195457542831 | 3  
1000     | MILP                     | 15.13544160493891 | 0.16976775083415402 | 14.979968924030889 | 15.371616633702896 | 3  
2000     | Heuristic(payload T_max) | 29.408581006621926 | 1.2857521627938147 | 28.221885455517455 | 31.19505626401971 | 3  
2000     | MILP                     | 29.39860575879902 | 3.018854725700394 | 25.468472520808046 | 32.807890273769466 | 3  
5000     | Heuristic(payload T_max) | 40.77684989049487 | 2.9627565400448894 | 37.66802273358029 | 44.7640159747963 | 3  
5000     | MILP                     | 14.90963500496864 | 2.1031618971878165 | 12.38264998789939 | 17.531691089970934 | 3  

==========================================================================================
TABLE: sat_beam_count_max_vs_nusers

n_users  | series                   | mean         | std          | min        | max        | n  
-------------------------------------------------------------------------------------------------
50       | Heuristic(payload K_max) | 22.666666666666668 | 2.0548046676563256 | 20.0       | 25.0       | 3  
50       | MILP                     | 25.0         | 2.8284271247461903 | 23.0       | 29.0       | 3  
75       | Heuristic(payload K_max) | 30.333333333333332 | 4.109609335312651 | 25.0       | 35.0       | 3  
75       | MILP                     | 29.666666666666668 | 3.0912061651652345 | 27.0       | 34.0       | 3  
100      | Heuristic(payload K_max) | 39.666666666666664 | 4.642796092394707 | 35.0       | 46.0       | 3  
100      | MILP                     | 37.333333333333336 | 6.182412330330469 | 32.0       | 46.0       | 3  
125      | Heuristic(payload K_max) | 42.666666666666664 | 6.236095644623235 | 36.0       | 51.0       | 3  
125      | MILP                     | 41.0         | 6.377042156569663 | 36.0       | 50.0       | 3  
150      | Heuristic(payload K_max) | 50.333333333333336 | 5.312459150169742 | 44.0       | 57.0       | 3  
150      | MILP                     | 46.666666666666664 | 4.784233364802441 | 40.0       | 51.0       | 3  
175      | Heuristic(payload K_max) | 52.666666666666664 | 1.699673171197595 | 51.0       | 55.0       | 3  
175      | MILP                     | 44.333333333333336 | 9.46337971105226 | 31.0       | 52.0       | 3  
200      | Heuristic(payload K_max) | 55.333333333333336 | 6.236095644623235 | 47.0       | 62.0       | 3  
200      | MILP                     | 51.0         | 3.7416573867739413 | 46.0       | 55.0       | 3  
500      | Heuristic(payload K_max) | 89.66666666666667 | 8.219218670625303 | 79.0       | 99.0       | 3  
500      | MILP                     | 76.33333333333333 | 4.4969125210773475 | 71.0       | 82.0       | 3  
1000     | Heuristic(payload K_max) | 124.0        | 5.354126134736337 | 118.0      | 131.0      | 3  
1000     | MILP                     | 97.0         | 2.8284271247461903 | 95.0       | 101.0      | 3  
2000     | Heuristic(payload K_max) | 156.33333333333334 | 7.039570693980958 | 147.0      | 164.0      | 3  
2000     | MILP                     | 112.33333333333333 | 16.49915822768611 | 89.0       | 124.0      | 3  
5000     | Heuristic(payload K_max) | 141.33333333333334 | 25.978623691198287 | 121.0      | 178.0      | 3  
5000     | MILP                     | 169.0        | 11.430952132988164 | 153.0      | 179.0      | 3  

==========================================================================================
TABLE: n_grid_centers_vs_nusers

n_users  | series                   | mean         | std          | min        | max        | n  
-------------------------------------------------------------------------------------------------
50       | MILP                     | 3235.3333333333335 | 352.878953120692 | 2890.0     | 3720.0     | 3  
75       | MILP                     | 3345.0       | 461.07772302147356 | 2890.0     | 3977.0     | 3  
100      | MILP                     | 3373.6666666666665 | 356.36155173581164 | 2975.0     | 3840.0     | 3  
125      | MILP                     | 3458.6666666666665 | 352.3836293334613 | 3096.0     | 3936.0     | 3  
150      | MILP                     | 3300.6666666666665 | 421.3955650243868 | 2890.0     | 3880.0     | 3  
175      | MILP                     | 3418.3333333333335 | 483.80735376341227 | 2890.0     | 4059.0     | 3  
200      | MILP                     | 3440.0       | 327.1859817697981 | 3096.0     | 3880.0     | 3  
500      | MILP                     | 3572.0       | 386.34009197424314 | 3256.0     | 4116.0     | 3  
1000     | MILP                     | 3679.0       | 439.5687280354082 | 3344.0     | 4300.0     | 3  
2000     | MILP                     | 3673.6666666666665 | 413.6442379092879 | 3344.0     | 4257.0     | 3  
5000     | MILP                     | 3733.0       | 371.88976861430325 | 3432.0     | 4257.0     | 3  

==========================================================================================
TABLE: n_candidates_vs_nusers

n_users  | series                   | mean         | std          | min        | max        | n  
-------------------------------------------------------------------------------------------------
50       | MILP                     | 465.3333333333333 | 31.961782734314987 | 437.0      | 510.0      | 3  
75       | MILP                     | 602.0        | 44.14370472294625 | 544.0      | 651.0      | 3  
100      | MILP                     | 725.6666666666666 | 42.59368758656877 | 681.0      | 783.0      | 3  
125      | MILP                     | 770.3333333333334 | 48.28618389928485 | 719.0      | 835.0      | 3  
150      | MILP                     | 843.6666666666666 | 32.221455929585524 | 817.0      | 889.0      | 3  
175      | MILP                     | 865.3333333333334 | 11.440668201153676 | 854.0      | 881.0      | 3  
200      | MILP                     | 911.6666666666666 | 45.73352769637999 | 855.0      | 967.0      | 3  
500      | MILP                     | 1249.6666666666667 | 91.91421120926961 | 1121.0     | 1330.0     | 3  
1000     | MILP                     | 1494.0       | 109.58406210150574 | 1347.0     | 1610.0     | 3  
2000     | MILP                     | 1742.0       | 152.9182788289222 | 1536.0     | 1902.0     | 3  
5000     | MILP                     | 2011.0       | 157.5330653122279 | 1811.0     | 2196.0     | 3  

