WALKER SIZE STUDY TABLES

Aggregation note:
- payload_feasible is best interpreted through mean
- continuous metrics are best interpreted through median and p10/p90
- by-time summary aggregates over seeds at each fixed snapshot time
- over-time summary aggregates over all runs across all fixed snapshot times and seeds

======================================================================================================================================================
INTERACTION SUMMARY BY TIME

snapshot_time_utc_iso  total_sats  n_planes  sats_per_plane  n_users  payload_feasible_mean  K_median  best_m_median  U_mean_median  U_max_median  ent_edge_pct_median  runtime_total_s_median  payload_T_over_sum_median
 2026-01-01T00:00:00Z          72         6              12     1000                    0.2     146.0            1.0       0.298064      3.091306             3.921569                0.211888                   4.710019
 2026-01-01T00:00:00Z          72         6              12     2000                    0.0       NaN            1.0            NaN           NaN                  NaN                     NaN                  36.650032
 2026-01-01T00:00:00Z          72         6              12     3000                    0.0       NaN            1.0            NaN           NaN                  NaN                     NaN                  72.635063
 2026-01-01T00:00:00Z          72         8               9     1000                    0.4      41.5            2.0       0.280286      1.268031             0.000000                0.057360                   0.967304
 2026-01-01T00:00:00Z          72         8               9     2000                    0.2      68.0            1.0       0.280098      1.797592             0.000000                0.124474                  21.477712
 2026-01-01T00:00:00Z          72         8               9     3000                    0.2      88.0            1.0       0.266992      2.364172             0.000000                0.241465                  49.826165
 2026-01-01T00:00:00Z          72        12               6     1000                    0.0       NaN            2.0            NaN           NaN                  NaN                     NaN                   4.710019
 2026-01-01T00:00:00Z          72        12               6     2000                    0.0       NaN            1.0            NaN           NaN                  NaN                     NaN                  36.650032
 2026-01-01T00:00:00Z          72        12               6     3000                    0.0       NaN            1.0            NaN           NaN                  NaN                     NaN                  72.635063
 2026-01-01T00:00:00Z          96         6              16     1000                    0.2     176.0            3.0       0.249834      1.930564             4.615385                1.385898                   8.557373
 2026-01-01T00:00:00Z          96         6              16     2000                    0.0       NaN            1.0            NaN           NaN                  NaN                     NaN                  84.441938
 2026-01-01T00:00:00Z          96         6              16     3000                    0.0       NaN            1.0            NaN           NaN                  NaN                     NaN                 131.730447
 2026-01-01T00:00:00Z          96         8              12     1000                    0.2     157.0            3.0       0.236727      1.425993             6.382979                0.382291                  11.778329
 2026-01-01T00:00:00Z          96         8              12     2000                    0.0       NaN            1.0            NaN           NaN                  NaN                     NaN                  36.650032
 2026-01-01T00:00:00Z          96         8              12     3000                    0.0       NaN            1.0            NaN           NaN                  NaN                     NaN                  72.635063
 2026-01-01T00:00:00Z          96        12               8     1000                    0.0       NaN            3.0            NaN           NaN                  NaN                     NaN                  22.612716
 2026-01-01T00:00:00Z          96        12               8     2000                    0.0       NaN            1.0            NaN           NaN                  NaN                     NaN                  84.441938
 2026-01-01T00:00:00Z          96        12               8     3000                    0.0       NaN            1.0            NaN           NaN                  NaN                     NaN                 131.730447
 2026-01-01T00:00:00Z         120         6              20     1000                    0.0       NaN            4.0            NaN           NaN                  NaN                     NaN                  24.731540
 2026-01-01T00:00:00Z         120         6              20     2000                    0.0       NaN            1.0            NaN           NaN                  NaN                     NaN                  85.964427
 2026-01-01T00:00:00Z         120         6              20     3000                    0.0       NaN            1.0            NaN           NaN                  NaN                     NaN                 141.210866
 2026-01-01T00:00:00Z         120         8              15     1000                    0.0       NaN            1.0            NaN           NaN                  NaN                     NaN                  35.639850
 2026-01-01T00:00:00Z         120         8              15     2000                    0.0       NaN            1.0            NaN           NaN                  NaN                     NaN                  99.593435
 2026-01-01T00:00:00Z         120         8              15     3000                    0.0       NaN            1.0            NaN           NaN                  NaN                     NaN                 160.404729
 2026-01-01T00:00:00Z         120        12              10     1000                    0.2     138.0            3.0       0.314969      1.518831            10.000000                0.359645                   2.790255
 2026-01-01T00:00:00Z         120        12              10     2000                    0.0       NaN            1.0            NaN           NaN                  NaN                     NaN                  66.216471
 2026-01-01T00:00:00Z         120        12              10     3000                    0.0       NaN            1.0            NaN           NaN                  NaN                     NaN                 110.188267
 2026-01-01T00:00:00Z         144         6              24     1000                    0.0       NaN            4.0            NaN           NaN                  NaN                     NaN                   2.562688
 2026-01-01T00:00:00Z         144         6              24     2000                    0.0       NaN            1.0            NaN           NaN                  NaN                     NaN                  84.441938
 2026-01-01T00:00:00Z         144         6              24     3000                    0.0       NaN            1.0            NaN           NaN                  NaN                     NaN                 131.730447
 2026-01-01T00:00:00Z         144         8              18     1000                    0.0       NaN            3.0            NaN           NaN                  NaN                     NaN                   3.738221
 2026-01-01T00:00:00Z         144         8              18     2000                    0.0       NaN            1.0            NaN           NaN                  NaN                     NaN                  36.650032
 2026-01-01T00:00:00Z         144         8              18     3000                    0.0       NaN            1.0            NaN           NaN                  NaN                     NaN                  72.635063
 2026-01-01T00:00:00Z         144        12              12     1000                    0.2     146.0            1.0       0.298064      3.091306             3.921569                0.252145                   4.710019
 2026-01-01T00:00:00Z         144        12              12     2000                    0.0       NaN            1.0            NaN           NaN                  NaN                     NaN                  36.650032
 2026-01-01T00:00:00Z         144        12              12     3000                    0.0       NaN            1.0            NaN           NaN                  NaN                     NaN                  72.635063
 2026-01-01T00:00:00Z         168         6              28     1000                    0.2     265.0            4.0       0.286035      1.609378             3.571429                3.848766                   0.900899
 2026-01-01T00:00:00Z         168         6              28     2000                    0.0       NaN            1.0            NaN           NaN                  NaN                     NaN                 101.838543
 2026-01-01T00:00:00Z         168         6              28     3000                    0.0       NaN            1.0            NaN           NaN                  NaN                     NaN                 166.737494
 2026-01-01T00:00:00Z         168         8              21     1000                    0.0       NaN            1.0            NaN           NaN                  NaN                     NaN                  38.356549
 2026-01-01T00:00:00Z         168         8              21     2000                    0.0       NaN            1.0            NaN           NaN                  NaN                     NaN                 101.838543
 2026-01-01T00:00:00Z         168         8              21     3000                    0.0       NaN            1.0            NaN           NaN                  NaN                     NaN                 166.737494
 2026-01-01T00:00:00Z         168        12              14     1000                    0.0       NaN            4.0            NaN           NaN                  NaN                     NaN                  18.435313
 2026-01-01T00:00:00Z         168        12              14     2000                    0.0       NaN            1.0            NaN           NaN                  NaN                     NaN                 101.838543
 2026-01-01T00:00:00Z         168        12              14     3000                    0.0       NaN            1.0            NaN           NaN                  NaN                     NaN                 166.737494
 2026-01-01T00:00:00Z         192         6              32     1000                    0.2     287.0            5.0       0.205386      1.599169            14.130435              144.368159                   0.000000
 2026-01-01T00:00:00Z         192         6              32     2000                    0.0       NaN            6.0            NaN           NaN                  NaN                     NaN                  39.592907
 2026-01-01T00:00:00Z         192         6              32     3000                    0.0       NaN            1.0            NaN           NaN                  NaN                     NaN                 121.027021
 2026-01-01T00:00:00Z         192         8              24     1000                    0.2     275.0            4.0       0.266267      1.598343             9.821429                     NaN                   5.515078
 2026-01-01T00:00:00Z         192         8              24     2000                    0.0       NaN            1.0            NaN           NaN                  NaN                     NaN                  84.441938
 2026-01-01T00:00:00Z         192         8              24     3000                    0.0       NaN            1.0            NaN           NaN                  NaN                     NaN                 131.730447
 2026-01-01T00:00:00Z         192        12              16     1000                    0.2     241.0            4.0       0.267105      5.781902             5.813953                5.386909                   2.525312
 2026-01-01T00:00:00Z         192        12              16     2000                    0.0       NaN            6.0            NaN           NaN                  NaN                     NaN                  54.581696
 2026-01-01T00:00:00Z         192        12              16     3000                    0.0       NaN            1.0            NaN           NaN                  NaN                     NaN                 131.730447
 2026-01-01T06:00:00Z          72         6              12     1000                    0.2      72.0            1.0       0.236437      1.236305             0.000000                0.100706                   9.614769
 2026-01-01T06:00:00Z          72         6              12     2000                    0.0       NaN            1.0            NaN           NaN                  NaN                     NaN                  47.064871
 2026-01-01T06:00:00Z          72         6              12     3000                    0.0       NaN            1.0            NaN           NaN                  NaN                     NaN                  76.213299
 2026-01-01T06:00:00Z          72         8               9     1000                    1.0       NaN            1.0            NaN           NaN                  NaN                0.020862                   0.000000
 2026-01-01T06:00:00Z          72         8               9     2000                    1.0       NaN            1.0            NaN           NaN                  NaN                0.033349                   0.000000
 2026-01-01T06:00:00Z          72         8               9     3000                    1.0       NaN            1.0            NaN           NaN                  NaN                0.045856                   0.000000
 2026-01-01T06:00:00Z          72        12               6     1000                    0.0       NaN            2.0            NaN           NaN                  NaN                     NaN                  24.103905
 2026-01-01T06:00:00Z          72        12               6     2000                    0.0       NaN            2.0            NaN           NaN                  NaN                     NaN                  71.383768
 2026-01-01T06:00:00Z          72        12               6     3000                    0.0       NaN            2.0            NaN           NaN                  NaN                     NaN                 124.791636
 2026-01-01T06:00:00Z          96         6              16     1000                    0.8      70.0            1.0       0.275458      1.144905            10.526316                0.155431                   0.000000
 2026-01-01T06:00:00Z          96         6              16     2000                    0.0       NaN            1.0            NaN           NaN                  NaN                     NaN                  19.408477
 2026-01-01T06:00:00Z          96         6              16     3000                    0.0       NaN            1.0            NaN           NaN                  NaN                     NaN                  43.072937
 2026-01-01T06:00:00Z          96         8              12     1000                    0.2     158.0            3.0       0.229570      1.448750             4.347826                0.425931                  10.193356
 2026-01-01T06:00:00Z          96         8              12     2000                    0.0       NaN            1.0            NaN           NaN                  NaN                     NaN                  37.646748
 2026-01-01T06:00:00Z          96         8              12     3000                    0.0       NaN            1.0            NaN           NaN                  NaN                     NaN                  75.030615
 2026-01-01T06:00:00Z          96        12               8     1000                    0.0       NaN            3.0            NaN           NaN                  NaN                     NaN                   5.833355
 2026-01-01T06:00:00Z          96        12               8     2000                    0.0       NaN            1.0            NaN           NaN                  NaN                     NaN                 101.337558
 2026-01-01T06:00:00Z          96        12               8     3000                    0.0       NaN            1.0            NaN           NaN                  NaN                     NaN                 163.918485
 2026-01-01T06:00:00Z         120         6              20     1000                    0.0       NaN            2.0            NaN           NaN                  NaN                     NaN                  27.700357
 2026-01-01T06:00:00Z         120         6              20     2000                    0.0       NaN            1.0            NaN           NaN                  NaN                     NaN                  82.900793
 2026-01-01T06:00:00Z         120         6              20     3000                    0.0       NaN            1.0            NaN           NaN                  NaN                     NaN                 135.886105
 2026-01-01T06:00:00Z         120         8              15     1000                    0.0       NaN            1.0            NaN           NaN                  NaN                     NaN                  38.474115
 2026-01-01T06:00:00Z         120         8              15     2000                    0.0       NaN            1.0            NaN           NaN                  NaN                     NaN                 105.086654
 2026-01-01T06:00:00Z         120         8              15     3000                    0.0       NaN            1.0            NaN           NaN                  NaN                     NaN                 166.818668
 2026-01-01T06:00:00Z         120        12              10     1000                    0.0       NaN            1.0            NaN           NaN                  NaN                     NaN                  25.145221
 2026-01-01T06:00:00Z         120        12              10     2000                    0.0       NaN            1.0            NaN           NaN                  NaN                     NaN                  74.498964
 2026-01-01T06:00:00Z         120        12              10     3000                    0.0       NaN            1.0            NaN           NaN                  NaN                     NaN                 126.012096
 2026-01-01T06:00:00Z         144         6              24     1000                    0.8      74.0            1.0       0.288339      1.849062            10.025063                0.168632                   0.000000
 2026-01-01T06:00:00Z         144         6              24     2000                    0.0       NaN            1.0            NaN           NaN                  NaN                     NaN                  19.408477
 2026-01-01T06:00:00Z         144         6              24     3000                    0.0       NaN            1.0            NaN           NaN                  NaN                     NaN                  43.072937
 2026-01-01T06:00:00Z         144         8              18     1000                    0.0       NaN            4.0            NaN           NaN                  NaN                     NaN                  19.373308
 2026-01-01T06:00:00Z         144         8              18     2000                    0.0       NaN            1.0            NaN           NaN                  NaN                     NaN                 101.040057
 2026-01-01T06:00:00Z         144         8              18     3000                    0.0       NaN            1.0            NaN           NaN                  NaN                     NaN                 163.147308
 2026-01-01T06:00:00Z         144        12              12     1000                    0.0       NaN            1.0            NaN           NaN                  NaN                     NaN                   4.776247
 2026-01-01T06:00:00Z         144        12              12     2000                    0.0       NaN            1.0            NaN           NaN                  NaN                     NaN                  37.646748
 2026-01-01T06:00:00Z         144        12              12     3000                    0.0       NaN            1.0            NaN           NaN                  NaN                     NaN                  75.030615
 2026-01-01T06:00:00Z         168         6              28     1000                    0.0       NaN            3.0            NaN           NaN                  NaN                     NaN                   8.553693
 2026-01-01T06:00:00Z         168         6              28     2000                    0.0       NaN            4.0            NaN           NaN                  NaN                     NaN                  55.134758
 2026-01-01T06:00:00Z         168         6              28     3000                    0.0       NaN            1.0            NaN           NaN                  NaN                     NaN                  94.475954
 2026-01-01T06:00:00Z         168         8              21     1000                    0.2     258.0            4.0       0.298664      2.431477             9.821429                1.637709                  11.864048
 2026-01-01T06:00:00Z         168         8              21     2000                    0.0       NaN            1.0            NaN           NaN                  NaN                     NaN                  88.999342
 2026-01-01T06:00:00Z         168         8              21     3000                    0.0       NaN            1.0            NaN           NaN                  NaN                     NaN                 131.249120
 2026-01-01T06:00:00Z         168        12              14     1000                    0.2     179.0            5.0       0.304041      1.693731             4.938272                1.061278                   1.905563
 2026-01-01T06:00:00Z         168        12              14     2000                    0.0       NaN            1.0            NaN           NaN                  NaN                     NaN                  56.898567
 2026-01-01T06:00:00Z         168        12              14     3000                    0.0       NaN            1.0            NaN           NaN                  NaN                     NaN                 112.038876
 2026-01-01T06:00:00Z         192         6              32     1000                    0.4     177.0            4.0       0.397482      2.879593             9.986966                1.503484                   4.574308
 2026-01-01T06:00:00Z         192         6              32     2000                    0.0       NaN            1.0            NaN           NaN                  NaN                     NaN                  77.484705
 2026-01-01T06:00:00Z         192         6              32     3000                    0.0       NaN            1.0            NaN           NaN                  NaN                     NaN                 127.684140
 2026-01-01T06:00:00Z         192         8              24     1000                    0.4     253.0            5.0       0.311069      4.832271            12.844037                3.053489                   0.000000
 2026-01-01T06:00:00Z         192         8              24     2000                    0.0       NaN            1.0            NaN           NaN                  NaN                     NaN                  78.252757
 2026-01-01T06:00:00Z         192         8              24     3000                    0.0       NaN            1.0            NaN           NaN                  NaN                     NaN                 127.245682
 2026-01-01T06:00:00Z         192        12              16     1000                    0.2     216.0            5.0       0.294483      3.217534             8.860759               13.191506                   4.184737
 2026-01-01T06:00:00Z         192        12              16     2000                    0.0       NaN            1.0            NaN           NaN                  NaN                     NaN                  73.261922
 2026-01-01T06:00:00Z         192        12              16     3000                    0.0       NaN            1.0            NaN           NaN                  NaN                     NaN                 115.287047
 2026-01-01T12:00:00Z          72         6              12     1000                    0.0       NaN            1.0            NaN           NaN                  NaN                     NaN                   4.502321
 2026-01-01T12:00:00Z          72         6              12     2000                    0.0       NaN            1.0            NaN           NaN                  NaN                     NaN                  43.583648
 2026-01-01T12:00:00Z          72         6              12     3000                    0.0       NaN            1.0            NaN           NaN                  NaN                     NaN                  78.413598
 2026-01-01T12:00:00Z          72         8               9     1000                    1.0      15.0            1.0       0.105670      0.335280            10.714286                0.029860                   0.000000
 2026-01-01T12:00:00Z          72         8               9     2000                    0.6      23.0            1.0       0.112127      0.409999             0.000000                0.045884                   0.000000
 2026-01-01T12:00:00Z          72         8               9     3000                    0.6      25.0            1.0       0.125561      0.331487            33.333333                0.064542                   0.000000
 2026-01-01T12:00:00Z          72        12               6     1000                    0.0       NaN            2.0            NaN           NaN                  NaN                     NaN                  21.123313
 2026-01-01T12:00:00Z          72        12               6     2000                    0.0       NaN            1.0            NaN           NaN                  NaN                     NaN                  68.203288
 2026-01-01T12:00:00Z          72        12               6     3000                    0.0       NaN            1.0            NaN           NaN                  NaN                     NaN                 119.690712
 2026-01-01T12:00:00Z          96         6              16     1000                    0.6      90.5            3.0       0.378700      2.171416             7.993730                0.325953                   0.000000
 2026-01-01T12:00:00Z          96         6              16     2000                    0.0       NaN            1.0            NaN           NaN                  NaN                     NaN                  39.904430
 2026-01-01T12:00:00Z          96         6              16     3000                    0.0       NaN            1.0            NaN           NaN                  NaN                     NaN                  85.476260
 2026-01-01T12:00:00Z          96         8              12     1000                    0.2     162.0            3.0       0.219392      1.146530            10.869565                0.331155                  14.180358
 2026-01-01T12:00:00Z          96         8              12     2000                    0.0       NaN            1.0            NaN           NaN                  NaN                     NaN                  43.583648
 2026-01-01T12:00:00Z          96         8              12     3000                    0.0       NaN            1.0            NaN           NaN                  NaN                     NaN                  78.413598
 2026-01-01T12:00:00Z          96        12               8     1000                    0.0       NaN            3.0            NaN           NaN                  NaN                     NaN                   9.949350
 2026-01-01T12:00:00Z          96        12               8     2000                    0.0       NaN            1.0            NaN           NaN                  NaN                     NaN                 104.210019
 2026-01-01T12:00:00Z          96        12               8     3000                    0.0       NaN            1.0            NaN           NaN                  NaN                     NaN                 164.466111
 2026-01-01T12:00:00Z         120         6              20     1000                    0.0       NaN            3.0            NaN           NaN                  NaN                     NaN                  12.280135
 2026-01-01T12:00:00Z         120         6              20     2000                    0.0       NaN            1.0            NaN           NaN                  NaN                     NaN                  98.804146
 2026-01-01T12:00:00Z         120         6              20     3000                    0.0       NaN            1.0            NaN           NaN                  NaN                     NaN                 159.957050
 2026-01-01T12:00:00Z         120         8              15     1000                    0.2     149.0            3.0       0.263731      1.575746            12.500000                0.591804                   6.744850
 2026-01-01T12:00:00Z         120         8              15     2000                    0.0       NaN            1.0            NaN           NaN                  NaN                     NaN                  73.652613
 2026-01-01T12:00:00Z         120         8              15     3000                    0.0       NaN            1.0            NaN           NaN                  NaN                     NaN                 122.863924
 2026-01-01T12:00:00Z         120        12              10     1000                    0.0       NaN            3.0            NaN           NaN                  NaN                     NaN                   9.285076
 2026-01-01T12:00:00Z         120        12              10     2000                    0.0       NaN            2.0            NaN           NaN                  NaN                     NaN                  65.752956
 2026-01-01T12:00:00Z         120        12              10     3000                    0.0       NaN            1.0            NaN           NaN                  NaN                     NaN                 121.737484
 2026-01-01T12:00:00Z         144         6              24     1000                    0.0       NaN            4.0            NaN           NaN                  NaN                     NaN                  20.623765
 2026-01-01T12:00:00Z         144         6              24     2000                    0.0       NaN            1.0            NaN           NaN                  NaN                     NaN                 104.210019
 2026-01-01T12:00:00Z         144         6              24     3000                    0.0       NaN            1.0            NaN           NaN                  NaN                     NaN                 164.466111
 2026-01-01T12:00:00Z         144         8              18     1000                    0.0       NaN            3.0            NaN           NaN                  NaN                     NaN                   9.314825
 2026-01-01T12:00:00Z         144         8              18     2000                    0.0       NaN            1.0            NaN           NaN                  NaN                     NaN                  72.795963
 2026-01-01T12:00:00Z         144         8              18     3000                    0.0       NaN            1.0            NaN           NaN                  NaN                     NaN                 118.756600
 2026-01-01T12:00:00Z         144        12              12     1000                    0.0       NaN            1.0            NaN           NaN                  NaN                     NaN                   4.502321
 2026-01-01T12:00:00Z         144        12              12     2000                    0.0       NaN            1.0            NaN           NaN                  NaN                     NaN                  43.583648
 2026-01-01T12:00:00Z         144        12              12     3000                    0.0       NaN            1.0            NaN           NaN                  NaN                     NaN                  78.413598
 2026-01-01T12:00:00Z         168         6              28     1000                    0.2     277.0            4.0       0.256048      3.570937             5.882353                     NaN                   0.000000
 2026-01-01T12:00:00Z         168         6              28     2000                    0.0       NaN            1.0            NaN           NaN                  NaN                     NaN                  74.511741
 2026-01-01T12:00:00Z         168         6              28     3000                    0.0       NaN            1.0            NaN           NaN                  NaN                     NaN                 126.283996
 2026-01-01T12:00:00Z         168         8              21     1000                    0.0       NaN            3.0            NaN           NaN                  NaN                     NaN                  21.490915
 2026-01-01T12:00:00Z         168         8              21     2000                    0.0       NaN            2.0            NaN           NaN                  NaN                     NaN                 107.237531
 2026-01-01T12:00:00Z         168         8              21     3000                    0.0       NaN            1.0            NaN           NaN                  NaN                     NaN                 163.478124
 2026-01-01T12:00:00Z         168        12              14     1000                    0.0       NaN            4.0            NaN           NaN                  NaN                     NaN                  10.812544
 2026-01-01T12:00:00Z         168        12              14     2000                    0.0       NaN            1.0            NaN           NaN                  NaN                     NaN                 100.322785
 2026-01-01T12:00:00Z         168        12              14     3000                    0.0       NaN            1.0            NaN           NaN                  NaN                     NaN                 166.001167
 2026-01-01T12:00:00Z         192         6              32     1000                    0.0       NaN            3.0            NaN           NaN                  NaN                     NaN                   0.000000
 2026-01-01T12:00:00Z         192         6              32     2000                    0.0       NaN            6.0            NaN           NaN                  NaN                     NaN                  50.534116
 2026-01-01T12:00:00Z         192         6              32     3000                    0.0       NaN            1.0            NaN           NaN                  NaN                     NaN                 166.813225
 2026-01-01T12:00:00Z         192         8              24     1000                    0.0       NaN            4.0            NaN           NaN                  NaN                     NaN                   8.736776
 2026-01-01T12:00:00Z         192         8              24     2000                    0.0       NaN            1.0            NaN           NaN                  NaN                     NaN                 104.210019
 2026-01-01T12:00:00Z         192         8              24     3000                    0.0       NaN            1.0            NaN           NaN                  NaN                     NaN                 164.466111
 2026-01-01T12:00:00Z         192        12              16     1000                    0.8      73.0            1.0       0.293504      3.110842            12.500000                0.094213                   0.000000
 2026-01-01T12:00:00Z         192        12              16     2000                    0.0       NaN            1.0            NaN           NaN                  NaN                     NaN                  20.451274
 2026-01-01T12:00:00Z         192        12              16     3000                    0.0       NaN            1.0            NaN           NaN                  NaN                     NaN                  52.269350
 2026-01-01T18:00:00Z          72         6              12     1000                    0.2      65.0            1.0       0.254496      1.591055             5.882353                0.099555                   9.823094
 2026-01-01T18:00:00Z          72         6              12     2000                    0.0       NaN            1.0            NaN           NaN                  NaN                     NaN                  47.012967
 2026-01-01T18:00:00Z          72         6              12     3000                    0.0       NaN            1.0            NaN           NaN                  NaN                     NaN                  77.386950
 2026-01-01T18:00:00Z          72         8               9     1000                    0.2     136.0            2.0       0.282969      1.285035             6.000000                0.508080                   7.401967
 2026-01-01T18:00:00Z          72         8               9     2000                    0.0       NaN            1.0            NaN           NaN                  NaN                     NaN                  75.073104
 2026-01-01T18:00:00Z          72         8               9     3000                    0.0       NaN            1.0            NaN           NaN                  NaN                     NaN                 123.723997
 2026-01-01T18:00:00Z          72        12               6     1000                    0.0       NaN            1.0            NaN           NaN                  NaN                     NaN                  39.231853
 2026-01-01T18:00:00Z          72        12               6     2000                    0.0       NaN            1.0            NaN           NaN                  NaN                     NaN                 103.132172
 2026-01-01T18:00:00Z          72        12               6     3000                    0.0       NaN            1.0            NaN           NaN                  NaN                     NaN                 164.614240
 2026-01-01T18:00:00Z          96         6              16     1000                    0.2      88.0            2.0       0.226787      2.320660            10.714286                0.127165                   1.918258
 2026-01-01T18:00:00Z          96         6              16     2000                    0.0       NaN            1.0            NaN           NaN                  NaN                     NaN                  31.393419
 2026-01-01T18:00:00Z          96         6              16     3000                    0.0       NaN            1.0            NaN           NaN                  NaN                     NaN                  65.835212
 2026-01-01T18:00:00Z          96         8              12     1000                    0.0       NaN            3.0            NaN           NaN                  NaN                     NaN                  15.124297
 2026-01-01T18:00:00Z          96         8              12     2000                    0.0       NaN            1.0            NaN           NaN                  NaN                     NaN                  42.220674
 2026-01-01T18:00:00Z          96         8              12     3000                    0.0       NaN            1.0            NaN           NaN                  NaN                     NaN                  76.720267
 2026-01-01T18:00:00Z          96        12               8     1000                    0.0       NaN            1.0            NaN           NaN                  NaN                     NaN                  26.238265
 2026-01-01T18:00:00Z          96        12               8     2000                    0.0       NaN            1.0            NaN           NaN                  NaN                     NaN                  75.669710
 2026-01-01T18:00:00Z          96        12               8     3000                    0.0       NaN            1.0            NaN           NaN                  NaN                     NaN                 130.133180
 2026-01-01T18:00:00Z         120         6              20     1000                    0.8      20.0            1.0       0.249879      0.773331             9.523810                0.039776                   0.000000
 2026-01-01T18:00:00Z         120         6              20     2000                    0.6      33.0            1.0       0.156964      0.899623             0.000000                0.063931                   0.000000
 2026-01-01T18:00:00Z         120         6              20     3000                    0.4      43.0            1.0       0.124084      0.469425             8.333333                0.075825                   5.744171
 2026-01-01T18:00:00Z         120         8              15     1000                    1.0      93.0            3.0       0.284890      1.350462             8.695652                0.334792                   0.000000
 2026-01-01T18:00:00Z         120         8              15     2000                    0.4     166.0            3.0       0.249732      1.136131             5.769231                2.460820                   2.218565
 2026-01-01T18:00:00Z         120         8              15     3000                    0.0       NaN            1.0            NaN           NaN                  NaN                     NaN                  55.489774
 2026-01-01T18:00:00Z         120        12              10     1000                    0.4     137.0            2.0       0.258522      2.217575            13.548951                0.431901                   3.907607
 2026-01-01T18:00:00Z         120        12              10     2000                    0.0       NaN            1.0            NaN           NaN                  NaN                     NaN                  71.703792
 2026-01-01T18:00:00Z         120        12              10     3000                    0.0       NaN            1.0            NaN           NaN                  NaN                     NaN                 121.792636
 2026-01-01T18:00:00Z         144         6              24     1000                    0.0       NaN            3.0            NaN           NaN                  NaN                     NaN                  24.189937
 2026-01-01T18:00:00Z         144         6              24     2000                    0.0       NaN            1.0            NaN           NaN                  NaN                     NaN                  70.784955
 2026-01-01T18:00:00Z         144         6              24     3000                    0.0       NaN            1.0            NaN           NaN                  NaN                     NaN                 123.186237
 2026-01-01T18:00:00Z         144         8              18     1000                    0.0       NaN            1.0            NaN           NaN                  NaN                     NaN                  28.183729
 2026-01-01T18:00:00Z         144         8              18     2000                    0.0       NaN            1.0            NaN           NaN                  NaN                     NaN                  77.507489
 2026-01-01T18:00:00Z         144         8              18     3000                    0.0       NaN            1.0            NaN           NaN                  NaN                     NaN                 126.249497
 2026-01-01T18:00:00Z         144        12              12     1000                    0.0       NaN            2.0            NaN           NaN                  NaN                     NaN                  10.439235
 2026-01-01T18:00:00Z         144        12              12     2000                    0.0       NaN            1.0            NaN           NaN                  NaN                     NaN                  42.220674
 2026-01-01T18:00:00Z         144        12              12     3000                    0.0       NaN            1.0            NaN           NaN                  NaN                     NaN                  76.720267
 2026-01-01T18:00:00Z         168         6              28     1000                    0.6      76.0            2.0       0.291448      1.612040            10.869565                0.146409                   0.000000
 2026-01-01T18:00:00Z         168         6              28     2000                    0.0       NaN            1.0            NaN           NaN                  NaN                     NaN                  22.200699
 2026-01-01T18:00:00Z         168         6              28     3000                    0.0       NaN            1.0            NaN           NaN                  NaN                     NaN                  51.644003
 2026-01-01T18:00:00Z         168         8              21     1000                    0.0       NaN            4.0            NaN           NaN                  NaN                     NaN                   9.215318
 2026-01-01T18:00:00Z         168         8              21     2000                    0.0       NaN            1.0            NaN           NaN                  NaN                     NaN                  94.765594
 2026-01-01T18:00:00Z         168         8              21     3000                    0.0       NaN            1.0            NaN           NaN                  NaN                     NaN                 142.884745
 2026-01-01T18:00:00Z         168        12              14     1000                    0.2      70.0            4.0       0.323568      5.073688            15.384615                0.096953                  13.049239
 2026-01-01T18:00:00Z         168        12              14     2000                    0.0       NaN            6.0            NaN           NaN                  NaN                     NaN                  67.574384
 2026-01-01T18:00:00Z         168        12              14     3000                    0.0       NaN            1.0            NaN           NaN                  NaN                     NaN                  63.545285
 2026-01-01T18:00:00Z         192         6              32     1000                    0.0       NaN            5.0            NaN           NaN                  NaN                     NaN                   7.314241
 2026-01-01T18:00:00Z         192         6              32     2000                    0.0       NaN            1.0            NaN           NaN                  NaN                     NaN                  71.579095
 2026-01-01T18:00:00Z         192         6              32     3000                    0.0       NaN            1.0            NaN           NaN                  NaN                     NaN                 126.040488
 2026-01-01T18:00:00Z         192         8              24     1000                    0.0       NaN            4.0            NaN           NaN                  NaN                     NaN                  19.822095
 2026-01-01T18:00:00Z         192         8              24     2000                    0.0       NaN            1.0            NaN           NaN                  NaN                     NaN                  97.287174
 2026-01-01T18:00:00Z         192         8              24     3000                    0.0       NaN            1.0            NaN           NaN                  NaN                     NaN                 155.598485
 2026-01-01T18:00:00Z         192        12              16     1000                    0.8     144.0            5.0       0.292133      2.198505            10.119048                1.131773                   0.000000
 2026-01-01T18:00:00Z         192        12              16     2000                    0.0       NaN            5.0            NaN           NaN                  NaN                     NaN                  31.619933
 2026-01-01T18:00:00Z         192        12              16     3000                    0.0       NaN            1.0            NaN           NaN                  NaN                     NaN                  65.835212

======================================================================================================================================================
INTERACTION SUMMARY OVER TIME

 total_sats  n_planes  sats_per_plane  n_users  payload_feasible_mean  K_median  best_m_median  U_mean_median  U_max_median  ent_edge_pct_median  runtime_total_s_median  payload_T_over_sum_median
         72         6              12     1000                   0.15      72.0            1.0       0.254496      1.591055             3.921569                0.100706                   9.163506
         72         6              12     2000                   0.00       NaN            1.0            NaN           NaN                  NaN                     NaN                  45.208871
         72         6              12     3000                   0.00       NaN            1.0            NaN           NaN                  NaN                     NaN                  76.800125
         72         8               9     1000                   0.65      32.5            1.0       0.275926      0.924032             3.000000                0.027182                   0.000000
         72         8               9     2000                   0.45      23.5            1.0       0.115033      0.434082             0.000000                0.033676                   6.362558
         72         8               9     3000                   0.45      26.5            1.0       0.147617      0.459403            29.166667                0.062479                  20.146369
         72        12               6     1000                   0.00       NaN            2.0            NaN           NaN                  NaN                     NaN                  22.613609
         72        12               6     2000                   0.00       NaN            1.0            NaN           NaN                  NaN                     NaN                  69.793528
         72        12               6     3000                   0.00       NaN            1.0            NaN           NaN                  NaN                     NaN                 122.241174
         96         6              16     1000                   0.45      78.0            2.0       0.275458      1.930564             9.523810                0.155431                   1.870522
         96         6              16     2000                   0.00       NaN            1.0            NaN           NaN                  NaN                     NaN                  37.560849
         96         6              16     3000                   0.00       NaN            1.0            NaN           NaN                  NaN                     NaN                  69.084121
         96         8              12     1000                   0.15     158.0            3.0       0.229570      1.425993             6.382979                0.382291                  12.041541
         96         8              12     2000                   0.00       NaN            1.0            NaN           NaN                  NaN                     NaN                  39.933711
         96         8              12     3000                   0.00       NaN            1.0            NaN           NaN                  NaN                     NaN                  75.875441
         96        12               8     1000                   0.00       NaN            3.0            NaN           NaN                  NaN                     NaN                  17.720408
         96        12               8     2000                   0.00       NaN            1.0            NaN           NaN                  NaN                     NaN                  96.347718
         96        12               8     3000                   0.00       NaN            1.0            NaN           NaN                  NaN                     NaN                 155.712569
        120         6              20     1000                   0.20      20.0            2.0       0.249879      0.773331             9.523810                0.039776                  13.494421
        120         6              20     2000                   0.15      33.0            1.0       0.156964      0.899623             0.000000                0.063931                  81.341213
        120         6              20     3000                   0.10      43.0            1.0       0.124084      0.469425             8.333333                0.075825                 134.183419
        120         8              15     1000                   0.30     109.0            2.0       0.280965      1.463104            10.597826                0.400428                  11.549097
        120         8              15     2000                   0.10     166.0            1.0       0.249732      1.136131             5.769231                2.460820                  82.032031
        120         8              15     3000                   0.00       NaN            1.0            NaN           NaN                  NaN                     NaN                 138.700108
        120        12              10     1000                   0.15     138.0            2.0       0.293959      1.945016            13.461538                0.381924                   7.900679
        120        12              10     2000                   0.00       NaN            1.0            NaN           NaN                  NaN                     NaN                  66.502081
        120        12              10     3000                   0.00       NaN            1.0            NaN           NaN                  NaN                     NaN                 116.675759
        144         6              24     1000                   0.20      74.0            3.0       0.288339      1.849062            10.025063                0.168632                   8.610749
        144         6              24     2000                   0.00       NaN            1.0            NaN           NaN                  NaN                     NaN                  75.449796
        144         6              24     3000                   0.00       NaN            1.0            NaN           NaN                  NaN                     NaN                 127.458342
        144         8              18     1000                   0.00       NaN            3.0            NaN           NaN                  NaN                     NaN                  13.575918
        144         8              18     2000                   0.00       NaN            1.0            NaN           NaN                  NaN                     NaN                  74.464340
        144         8              18     3000                   0.00       NaN            1.0            NaN           NaN                  NaN                     NaN                 123.915613
        144        12              12     1000                   0.05     146.0            1.0       0.298064      3.091306             3.921569                0.252145                   5.056802
        144        12              12     2000                   0.00       NaN            1.0            NaN           NaN                  NaN                     NaN                  39.933711
        144        12              12     3000                   0.00       NaN            1.0            NaN           NaN                  NaN                     NaN                  75.875441
        168         6              28     1000                   0.25     156.0            4.0       0.286035      1.612040             5.882353                0.244639                   0.552983
        168         6              28     2000                   0.00       NaN            1.0            NaN           NaN                  NaN                     NaN                  65.351816
        168         6              28     3000                   0.00       NaN            1.0            NaN           NaN                  NaN                     NaN                 114.767599
        168         8              21     1000                   0.05     258.0            3.5       0.298664      2.431477             9.821429                1.637709                  17.086874
        168         8              21     2000                   0.00       NaN            1.0            NaN           NaN                  NaN                     NaN                  98.801134
        168         8              21     3000                   0.00       NaN            1.0            NaN           NaN                  NaN                     NaN                 160.596187
        168        12              14     1000                   0.10     124.5            4.0       0.313805      3.383710            10.161443                0.579115                  13.300758
        168        12              14     2000                   0.00       NaN            1.0            NaN           NaN                  NaN                     NaN                  87.641502
        168        12              14     3000                   0.00       NaN            1.0            NaN           NaN                  NaN                     NaN                 138.705257
        192         6              32     1000                   0.15     192.0            4.0       0.337424      2.541652            12.903226                2.039880                   0.000000
        192         6              32     2000                   0.00       NaN            5.0            NaN           NaN                  NaN                     NaN                  57.560114
        192         6              32     3000                   0.00       NaN            1.0            NaN           NaN                  NaN                     NaN                 126.862314
        192         8              24     1000                   0.15     264.0            4.0       0.288668      3.215307            11.332733                3.053489                   8.201928
        192         8              24     2000                   0.00       NaN            1.0            NaN           NaN                  NaN                     NaN                  87.321853
        192         8              24     3000                   0.00       NaN            1.0            NaN           NaN                  NaN                     NaN                 148.114784
        192        12              16     1000                   0.50     149.0            4.5       0.293504      2.418937             9.523810                0.931078                   0.000000
        192        12              16     2000                   0.00       NaN            4.5            NaN           NaN                  NaN                     NaN                  43.041393
        192        12              16     3000                   0.00       NaN            1.0            NaN           NaN                  NaN                     NaN                 105.770226

======================================================================================================================================================
ONE-FACTOR SUMMARY OVER TIME (n_planes = 6)

 total_sats  n_users  payload_feasible_mean  K_median  best_m_median  U_mean_median  U_max_median  ent_edge_pct_median  runtime_total_s_median  payload_T_over_sum_median
         72     1000                   0.15      72.0            1.0       0.254496      1.591055             3.921569                0.100706                   9.163506
         72     2000                   0.00       NaN            1.0            NaN           NaN                  NaN                     NaN                  45.208871
         72     3000                   0.00       NaN            1.0            NaN           NaN                  NaN                     NaN                  76.800125
         96     1000                   0.45      78.0            2.0       0.275458      1.930564             9.523810                0.155431                   1.870522
         96     2000                   0.00       NaN            1.0            NaN           NaN                  NaN                     NaN                  37.560849
         96     3000                   0.00       NaN            1.0            NaN           NaN                  NaN                     NaN                  69.084121
        120     1000                   0.20      20.0            2.0       0.249879      0.773331             9.523810                0.039776                  13.494421
        120     2000                   0.15      33.0            1.0       0.156964      0.899623             0.000000                0.063931                  81.341213
        120     3000                   0.10      43.0            1.0       0.124084      0.469425             8.333333                0.075825                 134.183419
        144     1000                   0.20      74.0            3.0       0.288339      1.849062            10.025063                0.168632                   8.610749
        144     2000                   0.00       NaN            1.0            NaN           NaN                  NaN                     NaN                  75.449796
        144     3000                   0.00       NaN            1.0            NaN           NaN                  NaN                     NaN                 127.458342
        168     1000                   0.25     156.0            4.0       0.286035      1.612040             5.882353                0.244639                   0.552983
        168     2000                   0.00       NaN            1.0            NaN           NaN                  NaN                     NaN                  65.351816
        168     3000                   0.00       NaN            1.0            NaN           NaN                  NaN                     NaN                 114.767599
        192     1000                   0.15     192.0            4.0       0.337424      2.541652            12.903226                2.039880                   0.000000
        192     2000                   0.00       NaN            5.0            NaN           NaN                  NaN                     NaN                  57.560114
        192     3000                   0.00       NaN            1.0            NaN           NaN                  NaN                     NaN                 126.862314

======================================================================================================================================================
ONE-FACTOR SUMMARY OVER TIME (n_planes = 8)

 total_sats  n_users  payload_feasible_mean  K_median  best_m_median  U_mean_median  U_max_median  ent_edge_pct_median  runtime_total_s_median  payload_T_over_sum_median
         72     1000                   0.65      32.5            1.0       0.275926      0.924032             3.000000                0.027182                   0.000000
         72     2000                   0.45      23.5            1.0       0.115033      0.434082             0.000000                0.033676                   6.362558
         72     3000                   0.45      26.5            1.0       0.147617      0.459403            29.166667                0.062479                  20.146369
         96     1000                   0.15     158.0            3.0       0.229570      1.425993             6.382979                0.382291                  12.041541
         96     2000                   0.00       NaN            1.0            NaN           NaN                  NaN                     NaN                  39.933711
         96     3000                   0.00       NaN            1.0            NaN           NaN                  NaN                     NaN                  75.875441
        120     1000                   0.30     109.0            2.0       0.280965      1.463104            10.597826                0.400428                  11.549097
        120     2000                   0.10     166.0            1.0       0.249732      1.136131             5.769231                2.460820                  82.032031
        120     3000                   0.00       NaN            1.0            NaN           NaN                  NaN                     NaN                 138.700108
        144     1000                   0.00       NaN            3.0            NaN           NaN                  NaN                     NaN                  13.575918
        144     2000                   0.00       NaN            1.0            NaN           NaN                  NaN                     NaN                  74.464340
        144     3000                   0.00       NaN            1.0            NaN           NaN                  NaN                     NaN                 123.915613
        168     1000                   0.05     258.0            3.5       0.298664      2.431477             9.821429                1.637709                  17.086874
        168     2000                   0.00       NaN            1.0            NaN           NaN                  NaN                     NaN                  98.801134
        168     3000                   0.00       NaN            1.0            NaN           NaN                  NaN                     NaN                 160.596187
        192     1000                   0.15     264.0            4.0       0.288668      3.215307            11.332733                3.053489                   8.201928
        192     2000                   0.00       NaN            1.0            NaN           NaN                  NaN                     NaN                  87.321853
        192     3000                   0.00       NaN            1.0            NaN           NaN                  NaN                     NaN                 148.114784

======================================================================================================================================================
ONE-FACTOR SUMMARY OVER TIME (n_planes = 12)

 total_sats  n_users  payload_feasible_mean  K_median  best_m_median  U_mean_median  U_max_median  ent_edge_pct_median  runtime_total_s_median  payload_T_over_sum_median
         72     1000                   0.00       NaN            2.0            NaN           NaN                  NaN                     NaN                  22.613609
         72     2000                   0.00       NaN            1.0            NaN           NaN                  NaN                     NaN                  69.793528
         72     3000                   0.00       NaN            1.0            NaN           NaN                  NaN                     NaN                 122.241174
         96     1000                   0.00       NaN            3.0            NaN           NaN                  NaN                     NaN                  17.720408
         96     2000                   0.00       NaN            1.0            NaN           NaN                  NaN                     NaN                  96.347718
         96     3000                   0.00       NaN            1.0            NaN           NaN                  NaN                     NaN                 155.712569
        120     1000                   0.15     138.0            2.0       0.293959      1.945016            13.461538                0.381924                   7.900679
        120     2000                   0.00       NaN            1.0            NaN           NaN                  NaN                     NaN                  66.502081
        120     3000                   0.00       NaN            1.0            NaN           NaN                  NaN                     NaN                 116.675759
        144     1000                   0.05     146.0            1.0       0.298064      3.091306             3.921569                0.252145                   5.056802
        144     2000                   0.00       NaN            1.0            NaN           NaN                  NaN                     NaN                  39.933711
        144     3000                   0.00       NaN            1.0            NaN           NaN                  NaN                     NaN                  75.875441
        168     1000                   0.10     124.5            4.0       0.313805      3.383710            10.161443                0.579115                  13.300758
        168     2000                   0.00       NaN            1.0            NaN           NaN                  NaN                     NaN                  87.641502
        168     3000                   0.00       NaN            1.0            NaN           NaN                  NaN                     NaN                 138.705257
        192     1000                   0.50     149.0            4.5       0.293504      2.418937             9.523810                0.931078                   0.000000
        192     2000                   0.00       NaN            4.5            NaN           NaN                  NaN                     NaN                  43.041393
        192     3000                   0.00       NaN            1.0            NaN           NaN                  NaN                     NaN                 105.770226
